     1  -0.00000000E+00  -0.00000000E+00
     2   0.18748124E-08  -0.00000000E+00
     3   0.37499062E-08  -0.00000000E+00
     4   0.56252809E-08  -0.00000000E+00
     5   0.75009371E-08  -0.00000000E+00
     6   0.93768744E-08  -0.00000000E+00
     7   0.11253093E-07  -0.00000000E+00
     8   0.13129593E-07  -0.00000000E+00
     9   0.15006374E-07  -0.00000000E+00
    10   0.16883437E-07  -0.00000000E+00
    11   0.18760781E-07  -0.00000000E+00
    12   0.20638406E-07  -0.00000000E+00
    13   0.22516313E-07  -0.00000000E+00
    14   0.24394502E-07  -0.89683104E-43
    15   0.26272972E-07  -0.00000000E+00
    16   0.28151723E-07  -0.00000000E+00
    17   0.30030756E-07  -0.00000000E+00
    18   0.31910071E-07  -0.00000000E+00
    19   0.33789668E-07  -0.00000000E+00
    20   0.35669546E-07  -0.00000000E+00
    21   0.37549706E-07  -0.00000000E+00
    22   0.39430147E-07  -0.00000000E+00
    23   0.41310871E-07  -0.00000000E+00
    24   0.43191876E-07  -0.00000000E+00
    25   0.45073163E-07  -0.00000000E+00
    26   0.46954732E-07  -0.00000000E+00
    27   0.48836582E-07  -0.00000000E+00
    28   0.50718715E-07  -0.00000000E+00
    29   0.52601129E-07  -0.00000000E+00
    30   0.54483826E-07  -0.00000000E+00
    31   0.56366805E-07  -0.00000000E+00
    32   0.58250065E-07  -0.00000000E+00
    33   0.60133609E-07  -0.00000000E+00
    34   0.62017433E-07  -0.00000000E+00
    35   0.63901540E-07  -0.00000000E+00
    36   0.65785930E-07  -0.00000000E+00
    37   0.67670601E-07  -0.00000000E+00
    38   0.69555554E-07  -0.00000000E+00
    39   0.71440790E-07  -0.00000000E+00
    40   0.73326309E-07  -0.00000000E+00
    41   0.75212109E-07  -0.00000000E+00
    42   0.77098193E-07  -0.00000000E+00
    43   0.78984558E-07  -0.00000000E+00
    44   0.80871206E-07  -0.00000000E+00
    45   0.82758137E-07  -0.21684045E-18
    46   0.84645350E-07  -0.21684045E-18
    47   0.86532845E-07  -0.00000000E+00
    48   0.88420623E-07  -0.00000000E+00
    49   0.90308684E-07  -0.00000000E+00
    50   0.92197027E-07  -0.00000000E+00
    51   0.94085653E-07  -0.00000000E+00
    52   0.95974562E-07  -0.00000000E+00
    53   0.97863753E-07  -0.00000000E+00
    54   0.99753227E-07  -0.00000000E+00
    55   0.10164298E-06  -0.00000000E+00
    56   0.10353302E-06  -0.00000000E+00
    57   0.10542335E-06  -0.00000000E+00
    58   0.10731395E-06  -0.00000000E+00
    59   0.10920484E-06  -0.00000000E+00
    60   0.11109601E-06  -0.00000000E+00
    61   0.11298747E-06  -0.00000000E+00
    62   0.11487920E-06  -0.00000000E+00
    63   0.11677123E-06  -0.00000000E+00
    64   0.11866353E-06  -0.00000000E+00
    65   0.12055612E-06  -0.00000000E+00
    66   0.12244899E-06  -0.00000000E+00
    67   0.12434214E-06  -0.00000000E+00
    68   0.12623557E-06  -0.00000000E+00
    69   0.12812929E-06  -0.00000000E+00
    70   0.13002330E-06  -0.00000000E+00
    71   0.13191758E-06  -0.00000000E+00
    72   0.13381215E-06  -0.00000000E+00
    73   0.13570701E-06  -0.00000000E+00
    74   0.13760214E-06  -0.00000000E+00
    75   0.13949756E-06   0.26469783E-22
    76   0.14139326E-06  -0.00000000E+00
    77   0.14328925E-06  -0.00000000E+00
    78   0.14518552E-06  -0.00000000E+00
    79   0.14708207E-06  -0.00000000E+00
    80   0.14897891E-06  -0.00000000E+00
    81   0.15087603E-06  -0.00000000E+00
    82   0.15277344E-06  -0.00000000E+00
    83   0.15467112E-06  -0.00000000E+00
    84   0.15656910E-06  -0.00000000E+00
    85   0.15846735E-06  -0.00000000E+00
    86   0.16036589E-06  -0.00000000E+00
    87   0.16226471E-06  -0.00000000E+00
    88   0.16416382E-06  -0.00000000E+00
    89   0.16606321E-06  -0.00000000E+00
    90   0.16796289E-06  -0.00000000E+00
    91   0.16986285E-06  -0.00000000E+00
    92   0.17176309E-06  -0.00000000E+00
    93   0.17366362E-06  -0.00000000E+00
    94   0.17556443E-06  -0.00000000E+00
    95   0.17746552E-06  -0.00000000E+00
    96   0.17936690E-06  -0.00000000E+00
    97   0.18126856E-06  -0.00000000E+00
    98   0.18317051E-06  -0.00000000E+00
    99   0.18507274E-06  -0.00000000E+00
   100   0.18697526E-06  -0.00000000E+00
   101   0.18887806E-06  -0.00000000E+00
   102   0.19078114E-06   0.32311749E-26
   103   0.19268451E-06  -0.00000000E+00
   104   0.19458816E-06  -0.00000000E+00
   105   0.19649210E-06  -0.00000000E+00
   106   0.19839632E-06  -0.00000000E+00
   107   0.20030083E-06  -0.00000000E+00
   108   0.20220562E-06  -0.00000000E+00
   109   0.20411070E-06  -0.00000000E+00
   110   0.20601606E-06  -0.00000000E+00
   111   0.20792170E-06  -0.00000000E+00
   112   0.20982763E-06  -0.00000000E+00
   113   0.21173384E-06  -0.00000000E+00
   114   0.21364034E-06  -0.00000000E+00
   115   0.21554712E-06  -0.00000000E+00
   116   0.21745419E-06  -0.43368096E-18
   117   0.21936154E-06  -0.43368096E-18
   118   0.22126918E-06  -0.00000000E+00
   119   0.22317710E-06  -0.43368097E-18
   120   0.22508531E-06  -0.00000000E+00
   121   0.22699380E-06  -0.00000000E+00
   122   0.22890258E-06   0.52939571E-22
   123   0.23081164E-06   0.43368097E-18
   124   0.23272099E-06  -0.00000000E+00
   125   0.23463062E-06   0.21684049E-18
   126   0.23654054E-06   0.66174465E-23
   127   0.23845074E-06   0.13234893E-22
   128   0.24036123E-06  -0.00000000E+00
   129   0.24227200E-06  -0.00000000E+00
   130   0.24418305E-06  -0.00000000E+00
   131   0.24609440E-06  -0.00000000E+00
   132   0.24800603E-06  -0.00000000E+00
   133   0.24991794E-06  -0.00000000E+00
   134   0.25183014E-06  -0.00000000E+00
   135   0.25374262E-06  -0.00000000E+00
   136   0.25565539E-06  -0.00000000E+00
   137   0.25756844E-06   0.52939573E-22
   138   0.25948178E-06  -0.00000000E+00
   139   0.26139541E-06  -0.42351658E-21
   140   0.26330932E-06   0.25243556E-28
   141   0.26522351E-06  -0.00000000E+00
   142   0.26713800E-06  -0.00000000E+00
   143   0.26905276E-06  -0.00000000E+00
   144   0.27096781E-06  -0.00000000E+00
   145   0.27288315E-06  -0.00000000E+00
   146   0.27479877E-06  -0.00000000E+00
   147   0.27671468E-06   0.49630850E-23
   148   0.27863088E-06  -0.00000000E+00
   149   0.28054736E-06  -0.00000000E+00
   150   0.28246412E-06  -0.20194845E-27
   151   0.28438117E-06  -0.00000000E+00
   152   0.28629851E-06  -0.00000000E+00
   153   0.28821613E-06  -0.00000000E+00
   154   0.29013403E-06  -0.00000000E+00
   155   0.29205222E-06  -0.00000000E+00
   156   0.29397070E-06   0.80779380E-27
   157   0.29588946E-06  -0.00000000E+00
   158   0.29780851E-06  -0.00000000E+00
   159   0.29972784E-06   0.54210125E-19
   160   0.30164745E-06  -0.00000000E+00
   161   0.30356735E-06  -0.00000000E+00
   162   0.30548754E-06  -0.25849402E-25
   163   0.30740801E-06  -0.42682533E-21
   164   0.30932876E-06  -0.66174469E-23
   165   0.31124979E-06   0.13545914E-19
   166   0.31317111E-06  -0.13234894E-22
   167   0.31509271E-06   0.10164399E-19
   168   0.31701460E-06   0.10164399E-19
   169   0.31893677E-06   0.13526062E-19
   170   0.32085921E-06  -0.18973544E-18
   171   0.32278194E-06  -0.81368129E-19
   172   0.32470496E-06  -0.00000000E+00
   173   0.32662825E-06   0.54210126E-19
   174   0.32855182E-06  -0.00000000E+00
   175   0.33047567E-06   0.42351661E-21
   176   0.33239980E-06   0.33087236E-23
   177   0.33432420E-06  -0.00000000E+00
   178   0.33624888E-06   0.82718089E-24
   179   0.33817384E-06   0.33087236E-23
   180   0.34009907E-06  -0.00000000E+00
   181   0.34202458E-06   0.66239095E-23
   182   0.34395035E-06   0.89335537E-22
   183   0.34587640E-06   0.10587835E-21
   184   0.34780272E-06   0.22499320E-21
   185   0.34972930E-06  -0.24815427E-22
   186   0.35165615E-06   0.16543618E-23
   187   0.35358326E-06  -0.25642608E-22
   188   0.35551064E-06  -0.00000000E+00
   189   0.35743828E-06   0.16946869E-20
   190   0.35936617E-06   0.67766279E-20
   191   0.36129432E-06   0.68300328E-20
   192   0.36322272E-06   0.10753352E-21
   193   0.36515137E-06   0.66174473E-23
   194   0.36708027E-06   0.56661893E-22
   195   0.36900941E-06   0.30192103E-22
   196   0.37093879E-06  -0.60797798E-22
   197   0.37286841E-06   0.53146374E-22
   198   0.37479826E-06   0.68242426E-23
   199   0.37672835E-06   0.69793390E-23
   200   0.37865865E-06   0.70310379E-23
   201   0.38058918E-06   0.13648485E-22
   202   0.38251992E-06  -0.36974988E-21
   203   0.38445087E-06  -0.54210078E-19
   204   0.38638203E-06  -0.44915925E-21
   205   0.38831339E-06   0.27271121E-22
   206   0.39024494E-06  -0.12924702E-25
   207   0.39217668E-06   0.19878192E-22
   208   0.39410861E-06   0.66691463E-23
   209   0.39604070E-06   0.34694765E-17
   210   0.39797297E-06   0.13877838E-16
   211   0.39990539E-06   0.13877019E-16
   212   0.40183797E-06   0.13877780E-16
   213   0.40377070E-06   0.69355084E-17
   214   0.40570356E-06   0.13877800E-16
   215   0.40763655E-06   0.17347040E-16
   216   0.40956965E-06   0.10408339E-16
   217   0.41150287E-06   0.24284438E-16
   218   0.41343619E-06   0.10408332E-16
   219   0.41536960E-06   0.10407492E-16
   220   0.41730309E-06   0.10407693E-16
   221   0.41923665E-06   0.20816694E-16
   222   0.42117026E-06   0.13877349E-16
   223   0.42310393E-06   0.13877138E-16
   224   0.42503763E-06   0.13877772E-16
   225   0.42697135E-06   0.20817966E-16
   226   0.42890509E-06   0.20816218E-16
   227   0.43083883E-06   0.27755646E-16
   228   0.43277255E-06   0.13877849E-16
   229   0.43470624E-06  -0.69397404E-17
   230   0.43663990E-06   0.17346747E-17
   231   0.43857350E-06   0.69387455E-17
   232   0.44050703E-06   0.17347243E-16
   233   0.44244049E-06   0.24286352E-16
   234   0.44437385E-06   0.69394404E-17
   235   0.44630709E-06   0.69386869E-17
   236   0.44824022E-06  -0.69392147E-17
   237   0.45017320E-06   0.17347047E-16
   238   0.45210603E-06   0.10407833E-16
   239   0.45403869E-06   0.13877400E-16
   240   0.45597117E-06   0.24285586E-16
   241   0.45790345E-06   0.34689225E-17
   242   0.45983551E-06   0.69382668E-17
   243   0.46176735E-06   0.34693746E-16
   244   0.46369893E-06   0.20816417E-16
   245   0.46563026E-06   0.20842476E-16
   246   0.46756132E-06   0.27754217E-16
   247   0.46949208E-06   0.69379757E-17
   248   0.47142255E-06   0.10407907E-16
   249   0.47335269E-06   0.27755528E-16
   250   0.47528250E-06   0.27754679E-16
   251   0.47721196E-06   0.34695259E-16
   252   0.47914106E-06   0.38163050E-16
   253   0.48106979E-06   0.24300511E-16
   254   0.48299813E-06   0.34693631E-16
   255   0.48492607E-06   0.24299690E-16
   256   0.48685360E-06   0.20829380E-16
   257   0.48878071E-06   0.24291211E-16
   258   0.49070737E-06   0.41640374E-16
   259   0.49263360E-06   0.31238405E-16
   260   0.49455936E-06   0.31216808E-16
   261   0.49648466E-06   0.34699622E-16
   262   0.49840949E-06   0.27753922E-16
   263   0.50033383E-06   0.38165494E-16
   264   0.50225768E-06   0.34693104E-16
   265   0.50418103E-06   0.27764536E-16
   266   0.50610387E-06   0.31231967E-16
   267   0.50802621E-06   0.36448832E-16
   268   0.50994803E-06   0.36437775E-16
   269   0.51186933E-06   0.19089790E-16
   270   0.51379011E-06   0.11280585E-16
   271   0.51571036E-06   0.20819346E-16
   272   0.51763009E-06   0.26036218E-17
   273   0.51954930E-06   0.95392371E-17
   274   0.52146798E-06   0.34731082E-17
   275   0.52338613E-06   0.86969683E-17
   276   0.52530377E-06   0.86756072E-18
   277   0.52722089E-06   0.43668740E-17
   278   0.52913749E-06  -0.16483902E-16
   279   0.53105358E-06  -0.24275478E-16
   280   0.53296918E-06  -0.33822525E-16
   281   0.53488428E-06  -0.32907774E-16
   282   0.53679889E-06  -0.18211104E-16
   283   0.53871303E-06  -0.22555659E-16
   284   0.54062670E-06  -0.31200483E-16
   285   0.54253992E-06  -0.21688289E-16
   286   0.54445269E-06  -0.21688302E-16
   287   0.54636503E-06  -0.31012659E-16
   288   0.54827696E-06  -0.31229073E-16
   289   0.55018849E-06  -0.26878713E-16
   290   0.55209964E-06  -0.41692156E-16
   291   0.55401042E-06  -0.32520478E-16
   292   0.55592085E-06  -0.30348724E-16
   293   0.55783095E-06  -0.48763191E-16
   294   0.55974074E-06  -0.39456504E-16
   295   0.56165023E-06  -0.46286558E-16
   296   0.56355946E-06  -0.36513480E-16
   297   0.56546845E-06  -0.32463390E-16
   298   0.56737720E-06  -0.27358319E-16
   299   0.56928576E-06  -0.29435629E-16
   300   0.57119414E-06  -0.21162032E-16
   301   0.57310236E-06  -0.30295368E-16
   302   0.57501046E-06  -0.30089751E-16
   303   0.57691845E-06  -0.29587335E-16
   304   0.57882637E-06  -0.32526322E-16
   305   0.58073424E-06  -0.40768712E-16
   306   0.58264208E-06  -0.33206073E-16
   307   0.58454993E-06  -0.34839948E-16
   308   0.58645781E-06  -0.37080841E-16
   309   0.58836575E-06  -0.36889028E-16
   310   0.59027378E-06  -0.39821709E-16
   311   0.59218193E-06  -0.38509204E-16
   312   0.59409021E-06  -0.40824647E-16
   313   0.59599867E-06  -0.38352449E-16
   314   0.59790733E-06  -0.38933447E-16
   315   0.59981622E-06  -0.38625121E-16
   316   0.60172537E-06  -0.39996814E-16
   317   0.60363480E-06  -0.38008115E-16
   318   0.60554455E-06  -0.37380235E-16
   319   0.60745464E-06  -0.39477576E-16
   320   0.60936510E-06  -0.36585652E-16
   321   0.61127595E-06  -0.37800106E-16
   322   0.61318723E-06  -0.35917514E-16
   323   0.61509896E-06  -0.31260975E-16
   324   0.61701117E-06  -0.27989692E-16
   325   0.61892388E-06  -0.25453376E-16
   326   0.62083711E-06  -0.29640931E-16
   327   0.62275090E-06  -0.36037952E-16
   328   0.62466527E-06  -0.36759321E-16
   329   0.62658024E-06  -0.40431753E-16
   330   0.62849583E-06  -0.46688393E-16
   331   0.63041206E-06  -0.38221890E-16
   332   0.63232897E-06  -0.41674630E-16
   333   0.63424656E-06  -0.50683374E-16
   334   0.63616487E-06  -0.50466090E-16
   335   0.63808390E-06  -0.52478595E-16
   336   0.64000368E-06  -0.52123172E-16
   337   0.64192423E-06  -0.65308956E-16
   338   0.64384556E-06  -0.57147378E-16
   339   0.64576769E-06  -0.49449974E-16
   340   0.64769063E-06  -0.52882161E-16
   341   0.64961441E-06  -0.58491150E-16
   342   0.65153903E-06  -0.62135973E-16
   343   0.65346450E-06  -0.36604244E-16
   344   0.65539085E-06  -0.49705729E-16
   345   0.65731807E-06  -0.48465446E-16
   346   0.65924619E-06  -0.65812267E-16
   347   0.66117521E-06  -0.53782631E-16
   348   0.66310514E-06  -0.85751264E-16
   349   0.66503598E-06  -0.82715330E-16
   350   0.66696775E-06  -0.74042505E-16
   351   0.66890046E-06  -0.71053373E-16
   352   0.67083410E-06  -0.50778150E-16
   353   0.67276868E-06  -0.67226728E-16
   354   0.67470420E-06  -0.61154695E-16
   355   0.67664067E-06  -0.41011312E-16
   356   0.67857810E-06  -0.40985841E-16
   357   0.68051647E-06  -0.34920499E-16
   358   0.68245580E-06  -0.56420308E-16
   359   0.68439608E-06  -0.64128194E-16
   360   0.68633732E-06  -0.67631088E-16
   361   0.68827950E-06  -0.34995184E-16
   362   0.69022263E-06  -0.44962479E-16
   363   0.69216671E-06  -0.42711094E-16
   364   0.69411173E-06  -0.27538638E-16
   365   0.69605769E-06  -0.39583280E-16
   366   0.69800458E-06  -0.12388693E-16
   367   0.69995241E-06  -0.17084815E-16
   368   0.70190115E-06  -0.17337400E-16
   369   0.70385081E-06  -0.22995334E-16
   370   0.70580139E-06  -0.31121762E-16
   371   0.70775286E-06  -0.26327724E-16
   372   0.70970523E-06  -0.21020398E-16
   373   0.71165849E-06  -0.41870980E-16
   374   0.71361263E-06  -0.41743920E-16
   375   0.71556764E-06  -0.46965848E-16
   376   0.71752352E-06  -0.68142182E-16
   377   0.71948024E-06  -0.38332729E-16
   378   0.72143781E-06  -0.23274786E-16
   379   0.72339621E-06  -0.16192755E-16
   380   0.72535544E-06   0.29375074E-17
   381   0.72731548E-06   0.13399441E-16
   382   0.72927632E-06  -0.28257933E-16
   383   0.73123795E-06  -0.67067655E-17
   384   0.73320037E-06  -0.20946073E-16
   385   0.73516355E-06  -0.10497332E-16
   386   0.73712750E-06  -0.45122307E-16
   387   0.73909219E-06  -0.51158586E-16
   388   0.74105762E-06  -0.57992480E-16
   389   0.74302378E-06  -0.23331659E-16
   390   0.74499065E-06  -0.33943565E-16
   391   0.74695823E-06  -0.34469102E-16
   392   0.74892649E-06  -0.20022524E-16
   393   0.75089544E-06  -0.16667722E-16
   394   0.75286506E-06  -0.25507349E-17
   395   0.75483534E-06  -0.15865754E-16
   396   0.75680627E-06  -0.47040608E-16
   397   0.75877784E-06  -0.52101652E-17
   398   0.76075003E-06  -0.14307068E-16
   399   0.76272284E-06  -0.17496846E-16
   400   0.76469626E-06  -0.11795390E-16
   401   0.76667027E-06   0.36957581E-17
   402   0.76864487E-06  -0.19060324E-16
   403   0.77062004E-06   0.41746721E-17
   404   0.77259578E-06   0.12615692E-16
   405   0.77457208E-06   0.29663233E-16
   406   0.77654892E-06   0.86827810E-17
   407   0.77852630E-06  -0.68769306E-17
   408   0.78050420E-06  -0.47091813E-16
   409   0.78248263E-06  -0.31095459E-16
   410   0.78446156E-06  -0.18562216E-16
   411   0.78644100E-06  -0.40404183E-16
   412   0.78842093E-06  -0.65365588E-16
   413   0.79040135E-06  -0.70310528E-16
   414   0.79238224E-06  -0.60777102E-16
   415   0.79436360E-06  -0.52160562E-16
   416   0.79634543E-06  -0.69743834E-16
   417   0.79832771E-06  -0.65193726E-16
   418   0.80031044E-06  -0.83915903E-16
   419   0.80229361E-06  -0.69996173E-16
   420   0.80427721E-06  -0.42257774E-16
   421   0.80626124E-06  -0.62352822E-16
   422   0.80824570E-06  -0.59154981E-16
   423   0.81023057E-06  -0.89054732E-16
   424   0.81221585E-06  -0.77393519E-16
   425   0.81420153E-06  -0.79137141E-16
   426   0.81618762E-06  -0.80419684E-16
   427   0.81817409E-06  -0.89732105E-16
   428   0.82016096E-06  -0.65481084E-16
   429   0.82214821E-06  -0.46760181E-16
   430   0.82413584E-06  -0.52888522E-16
   431   0.82612384E-06  -0.83424318E-16
   432   0.82811222E-06  -0.88850568E-16
   433   0.83010096E-06  -0.74879110E-16
   434   0.83209007E-06  -0.80891127E-16
   435   0.83407953E-06  -0.67090485E-16
   436   0.83606935E-06  -0.37883210E-16
   437   0.83805952E-06  -0.41239084E-16
   438   0.84005004E-06  -0.40258472E-16
   439   0.84204091E-06  -0.34595399E-16
   440   0.84403212E-06  -0.38851234E-16
   441   0.84602367E-06  -0.55729306E-16
   442   0.84801555E-06  -0.41309045E-16
   443   0.85000777E-06  -0.40913705E-16
   444   0.85200033E-06  -0.53760414E-16
   445   0.85399321E-06  -0.43950079E-16
   446   0.85598642E-06  -0.35799010E-16
   447   0.85797995E-06  -0.36908146E-16
   448   0.85997381E-06  -0.56187046E-16
   449   0.86196799E-06  -0.66575918E-16
   450   0.86396249E-06  -0.40107780E-16
   451   0.86595731E-06  -0.30218004E-16
   452   0.86795245E-06  -0.38921360E-16
   453   0.86994790E-06  -0.28152416E-16
   454   0.87194366E-06  -0.45731205E-16
   455   0.87393974E-06  -0.87083698E-16
   456   0.87593612E-06  -0.72218782E-16
   457   0.87793282E-06  -0.43616554E-16
   458   0.87992982E-06  -0.59741744E-16
   459   0.88192714E-06  -0.71676680E-16
   460   0.88392476E-06  -0.72152383E-16
   461   0.88592268E-06  -0.58014127E-16
   462   0.88792091E-06  -0.54339419E-16
   463   0.88991944E-06  -0.25068252E-16
   464   0.89191828E-06  -0.35697072E-16
   465   0.89391742E-06  -0.21316142E-16
   466   0.89591686E-06  -0.22955939E-16
   467   0.89791660E-06  -0.18419089E-16
   468   0.89991665E-06  -0.11482285E-16
   469   0.90191699E-06  -0.16873626E-16
   470   0.90391763E-06   0.89608964E-17
   471   0.90591857E-06  -0.39481203E-16
   472   0.90791981E-06  -0.14762432E-16
   473   0.90992135E-06   0.10408324E-16
   474   0.91192319E-06  -0.98564557E-17
   475   0.91392532E-06  -0.37211095E-16
   476   0.91592775E-06  -0.31944687E-16
   477   0.91793048E-06  -0.29517595E-16
   478   0.91993350E-06  -0.38736741E-16
   479   0.92193682E-06  -0.26232648E-16
   480   0.92394044E-06  -0.44868774E-16
   481   0.92594435E-06   0.24064434E-17
   482   0.92794856E-06  -0.12565187E-16
   483   0.92995306E-06  -0.12490002E-16
   484   0.93195786E-06  -0.40442292E-16
   485   0.93396296E-06  -0.37447041E-16
   486   0.93596834E-06  -0.49803568E-16
   487   0.93797403E-06  -0.53095507E-16
   488   0.93998001E-06  -0.33702215E-16
   489   0.94198628E-06  -0.28234105E-16
   490   0.94399285E-06  -0.17586316E-16
   491   0.94599971E-06  -0.36975367E-16
   492   0.94800686E-06  -0.62938368E-16
   493   0.95001431E-06  -0.46159477E-16
   494   0.95202206E-06  -0.45804514E-16
   495   0.95403010E-06  -0.28686855E-16
   496   0.95603843E-06  -0.59577857E-16
   497   0.95804706E-06  -0.12386540E-15
   498   0.96005598E-06  -0.78099599E-16
   499   0.96206519E-06  -0.95553749E-16
   500   0.96407470E-06  -0.81020239E-16
   501   0.96608450E-06  -0.60706641E-16
   502   0.96809460E-06  -0.57587960E-16
   503   0.97010499E-06  -0.12992617E-15
   504   0.97211567E-06  -0.16117072E-15
   505   0.97412665E-06  -0.13725632E-15
   506   0.97613793E-06  -0.14516690E-15
   507   0.97814949E-06  -0.14182846E-15
   508   0.98016135E-06  -0.13674883E-15
   509   0.98217351E-06  -0.12409995E-15
   510   0.98418595E-06  -0.93132533E-16
   511   0.98619869E-06  -0.74941283E-16
   512   0.98821173E-06  -0.91327735E-16
   513   0.99022506E-06  -0.10681916E-15
   514   0.99223868E-06  -0.88851415E-16
   515   0.99425260E-06  -0.10634744E-15
   516   0.99626681E-06  -0.93150854E-16
   517   0.99828132E-06  -0.11267345E-15
   518   0.10002961E-05  -0.11539804E-15
   519   0.10023112E-05  -0.98087627E-16
   520   0.10043266E-05  -0.14430725E-15
   521   0.10063423E-05  -0.12140491E-15
   522   0.10083583E-05  -0.12631900E-15
   523   0.10103745E-05  -0.12086126E-15
   524   0.10123911E-05  -0.15124766E-15
   525   0.10144079E-05  -0.15967211E-15
   526   0.10164251E-05  -0.18544021E-15
   527   0.10184425E-05  -0.18892391E-15
   528   0.10204603E-05  -0.18331482E-15
   529   0.10224783E-05  -0.18311355E-15
   530   0.10244967E-05  -0.22581917E-15
   531   0.10265153E-05  -0.21511767E-15
   532   0.10285342E-05  -0.20085828E-15
   533   0.10305534E-05  -0.18490667E-15
   534   0.10325729E-05  -0.16909309E-15
   535   0.10345927E-05  -0.20676766E-15
   536   0.10366128E-05  -0.20296569E-15
   537   0.10386332E-05  -0.18893492E-15
   538   0.10406539E-05  -0.18002234E-15
   539   0.10426749E-05  -0.17851101E-15
   540   0.10446961E-05  -0.16103840E-15
   541   0.10467177E-05  -0.15909242E-15
   542   0.10487396E-05  -0.17265195E-15
   543   0.10507617E-05  -0.16940028E-15
   544   0.10527842E-05  -0.17971600E-15
   545   0.10548069E-05  -0.17970523E-15
   546   0.10568300E-05  -0.15887779E-15
   547   0.10588533E-05  -0.16047847E-15
   548   0.10608769E-05  -0.16555879E-15
   549   0.10629009E-05  -0.14644777E-15
   550   0.10649251E-05  -0.17428603E-15
   551   0.10669496E-05  -0.14801857E-15
   552   0.10689744E-05  -0.16858252E-15
   553   0.10709995E-05  -0.14957490E-15
   554   0.10730249E-05  -0.16547787E-15
   555   0.10750506E-05  -0.16555555E-15
   556   0.10770766E-05  -0.16215632E-15
   557   0.10791029E-05  -0.16384738E-15
   558   0.10811295E-05  -0.16423342E-15
   559   0.10831563E-05  -0.17036421E-15
   560   0.10851835E-05  -0.15655148E-15
   561   0.10872110E-05  -0.15417357E-15
   562   0.10892387E-05  -0.16046538E-15
   563   0.10912668E-05  -0.17429710E-15
   564   0.10932951E-05  -0.14757584E-15
   565   0.10953238E-05  -0.15278567E-15
   566   0.10973527E-05  -0.14688700E-15
   567   0.10993820E-05  -0.15475722E-15
   568   0.11014115E-05  -0.14603520E-15
   569   0.11034413E-05  -0.14268305E-15
   570   0.11054715E-05  -0.14887656E-15
   571   0.11075019E-05  -0.14459861E-15
   572   0.11095326E-05  -0.14380310E-15
   573   0.11115636E-05  -0.14872216E-15
   574   0.11135949E-05  -0.14884575E-15
   575   0.11156265E-05  -0.15203093E-15
   576   0.11176584E-05  -0.15256280E-15
   577   0.11196906E-05  -0.15225490E-15
   578   0.11217231E-05  -0.16278941E-15
   579   0.11237559E-05  -0.16333964E-15
   580   0.11257890E-05  -0.15260059E-15
   581   0.11278223E-05  -0.16331692E-15
   582   0.11298560E-05  -0.16019703E-15
   583   0.11318900E-05  -0.15833764E-15
   584   0.11339242E-05  -0.15519379E-15
   585   0.11359588E-05  -0.15006524E-15
   586   0.11379937E-05  -0.14842090E-15
   587   0.11400288E-05  -0.14482703E-15
   588   0.11420643E-05  -0.14490688E-15
   589   0.11441000E-05  -0.14542132E-15
   590   0.11461360E-05  -0.14376880E-15
   591   0.11481724E-05  -0.14048106E-15
   592   0.11502090E-05  -0.13957638E-15
   593   0.11522459E-05  -0.13850188E-15
   594   0.11542832E-05  -0.13682526E-15
   595   0.11563207E-05  -0.13688120E-15
   596   0.11583585E-05  -0.13780121E-15
   597   0.11603966E-05  -0.13438038E-15
   598   0.11624350E-05  -0.13396751E-15
   599   0.11644737E-05  -0.13406627E-15
   600   0.11665127E-05  -0.13417311E-15
   601   0.11685520E-05  -0.13383040E-15
   602   0.11705916E-05  -0.13215628E-15
   603   0.11726315E-05  -0.13156276E-15
   604   0.11746717E-05  -0.13206525E-15
   605   0.11767122E-05  -0.13202914E-15
   606   0.11787530E-05  -0.13209409E-15
   607   0.11807941E-05  -0.13146171E-15
   608   0.11828354E-05  -0.13115750E-15
   609   0.11848771E-05  -0.13094648E-15
   610   0.11869191E-05  -0.13052101E-15
   611   0.11889613E-05  -0.13112962E-15
   612   0.11910039E-05  -0.13140626E-15
   613   0.11930468E-05  -0.13114780E-15
   614   0.11950899E-05  -0.13120641E-15
   615   0.11971334E-05  -0.13094021E-15
   616   0.11991771E-05  -0.13078303E-15
   617   0.12012212E-05  -0.13094162E-15
   618   0.12032655E-05  -0.13077660E-15
   619   0.12053101E-05  -0.13093436E-15
   620   0.12073551E-05  -0.13098047E-15
   621   0.12094003E-05  -0.13026534E-15
   622   0.12114459E-05  -0.13074150E-15
   623   0.12134917E-05  -0.13110524E-15
   624   0.12155378E-05  -0.13016570E-15
   625   0.12175842E-05  -0.13128314E-15
   626   0.12196310E-05  -0.13169341E-15
   627   0.12216780E-05  -0.13242641E-15
   628   0.12237253E-05  -0.13294017E-15
   629   0.12257729E-05  -0.13263849E-15
   630   0.12278208E-05  -0.13237526E-15
   631   0.12298690E-05  -0.13221838E-15
   632   0.12319175E-05  -0.13204606E-15
   633   0.12339663E-05  -0.13200759E-15
   634   0.12360154E-05  -0.13191342E-15
   635   0.12380648E-05  -0.13181750E-15
   636   0.12401145E-05  -0.13172090E-15
   637   0.12421645E-05  -0.13184075E-15
   638   0.12442148E-05  -0.13217549E-15
   639   0.12462654E-05  -0.13251275E-15
   640   0.12483163E-05  -0.13273991E-15
   641   0.12503674E-05  -0.13328940E-15
   642   0.12524189E-05  -0.13351749E-15
   643   0.12544707E-05  -0.13385537E-15
   644   0.12565228E-05  -0.13343312E-15
   645   0.12585751E-05  -0.13290640E-15
   646   0.12606278E-05  -0.13324930E-15
   647   0.12626808E-05  -0.13369781E-15
   648   0.12647340E-05  -0.13372350E-15
   649   0.12667876E-05  -0.13396156E-15
   650   0.12688415E-05  -0.13358365E-15
   651   0.12708956E-05  -0.13330027E-15
   652   0.12729501E-05  -0.13313154E-15
   653   0.12750048E-05  -0.13279825E-15
   654   0.12770599E-05  -0.13294519E-15
   655   0.12791152E-05  -0.13300497E-15
   656   0.12811709E-05  -0.13370247E-15
   657   0.12832268E-05  -0.13269376E-15
   658   0.12852831E-05  -0.13211308E-15
   659   0.12873396E-05  -0.13305062E-15
   660   0.12893965E-05  -0.13182076E-15
   661   0.12914536E-05  -0.13189342E-15
   662   0.12935110E-05  -0.13112814E-15
   663   0.12955688E-05  -0.13041692E-15
   664   0.12976268E-05  -0.13054588E-15
   665   0.12996851E-05  -0.13235942E-15
   666   0.13017437E-05  -0.13243248E-15
   667   0.13038027E-05  -0.13251487E-15
   668   0.13058619E-05  -0.13027036E-15
   669   0.13079214E-05  -0.12889105E-15
   670   0.13099812E-05  -0.12913573E-15
   671   0.13120414E-05  -0.13957957E-15
   672   0.13141018E-05  -0.14839881E-15
   673   0.13161625E-05  -0.14692587E-15
   674   0.13182235E-05  -0.14544703E-15
   675   0.13202848E-05  -0.14615780E-15
   676   0.13223464E-05  -0.13886160E-15
   677   0.13244083E-05  -0.14261203E-15
   678   0.13264705E-05  -0.13271763E-15
   679   0.13285330E-05  -0.14361246E-15
   680   0.13305958E-05  -0.14458945E-15
   681   0.13326589E-05  -0.14421375E-15
   682   0.13347223E-05  -0.14121070E-15
   683   0.13367860E-05  -0.14528550E-15
   684   0.13388500E-05  -0.13409941E-15
   685   0.13409143E-05  -0.14246045E-15
   686   0.13429789E-05  -0.13998127E-15
   687   0.13450437E-05  -0.14522882E-15
   688   0.13471089E-05  -0.13961414E-15
   689   0.13491744E-05  -0.13630185E-15
   690   0.13512402E-05  -0.14508377E-15
   691   0.13533062E-05  -0.13641176E-15
   692   0.13553726E-05  -0.15565506E-15
   693   0.13574393E-05  -0.13750360E-15
   694   0.13595063E-05  -0.13925087E-15
   695   0.13615735E-05  -0.13774924E-15
   696   0.13636411E-05  -0.14664948E-15
   697   0.13657089E-05  -0.13403880E-15
   698   0.13677771E-05  -0.13834555E-15
   699   0.13698455E-05  -0.15502955E-15
   700   0.13719143E-05  -0.15263199E-15
   701   0.13739833E-05  -0.17885789E-15
   702   0.13760527E-05  -0.15651898E-15
   703   0.13781223E-05  -0.16377042E-15
   704   0.13801923E-05  -0.18112372E-15
   705   0.13822625E-05  -0.15012427E-15
   706   0.13843330E-05  -0.17463367E-15
   707   0.13864039E-05  -0.16065784E-15
   708   0.13884750E-05  -0.16945191E-15
   709   0.13905464E-05  -0.16785010E-15
   710   0.13926181E-05  -0.15215348E-15
   711   0.13946901E-05  -0.16509013E-15
   712   0.13967624E-05  -0.17033508E-15
   713   0.13988350E-05  -0.15152570E-15
   714   0.14009079E-05  -0.15536501E-15
   715   0.14029811E-05  -0.15401575E-15
   716   0.14050546E-05  -0.16189232E-15
   717   0.14071284E-05  -0.16891999E-15
   718   0.14092025E-05  -0.15691922E-15
   719   0.14112769E-05  -0.15518226E-15
   720   0.14133516E-05  -0.18385928E-15
   721   0.14154265E-05  -0.15092851E-15
   722   0.14175018E-05  -0.15143034E-15
   723   0.14195774E-05  -0.16417610E-15
   724   0.14216532E-05  -0.15245618E-15
   725   0.14237294E-05  -0.15625988E-15
   726   0.14258058E-05  -0.15672613E-15
   727   0.14278826E-05  -0.13835355E-15
   728   0.14299596E-05  -0.15982534E-15
   729   0.14320369E-05  -0.15494373E-15
   730   0.14341145E-05  -0.16941815E-15
   731   0.14361925E-05  -0.15765768E-15
   732   0.14382707E-05  -0.16871242E-15
   733   0.14403492E-05  -0.16041707E-15
   734   0.14424280E-05  -0.15236192E-15
   735   0.14445071E-05  -0.14566879E-15
   736   0.14465864E-05  -0.16894558E-15
   737   0.14486661E-05  -0.14203046E-15
   738   0.14507461E-05  -0.16373981E-15
   739   0.14528263E-05  -0.14252893E-15
   740   0.14549069E-05  -0.13450839E-15
   741   0.14569877E-05  -0.14999215E-15
   742   0.14590689E-05  -0.14128075E-15
   743   0.14611503E-05  -0.16406103E-15
   744   0.14632320E-05  -0.14845950E-15
   745   0.14653141E-05  -0.14748855E-15
   746   0.14673964E-05  -0.15042175E-15
   747   0.14694790E-05  -0.11812528E-15
   748   0.14715619E-05  -0.14761993E-15
   749   0.14736450E-05  -0.12585258E-15
   750   0.14757285E-05  -0.15849962E-15
   751   0.14778123E-05  -0.18487165E-15
   752   0.14798963E-05  -0.17254737E-15
   753   0.14819807E-05  -0.17779914E-15
   754   0.14840653E-05  -0.16940817E-15
   755   0.14861502E-05  -0.17910582E-15
   756   0.14882354E-05  -0.19390929E-15
   757   0.14903209E-05  -0.21740281E-15
   758   0.14924067E-05  -0.22540460E-15
   759   0.14944928E-05  -0.21097671E-15
   760   0.14965792E-05  -0.19360102E-15
   761   0.14986658E-05  -0.21670946E-15
   762   0.15007528E-05  -0.23910242E-15
   763   0.15028400E-05  -0.22143751E-15
   764   0.15049275E-05  -0.24004766E-15
   765   0.15070153E-05  -0.25583283E-15
   766   0.15091034E-05  -0.27193279E-15
   767   0.15111918E-05  -0.24838197E-15
   768   0.15132805E-05  -0.23975936E-15
   769   0.15153695E-05  -0.28009837E-15
   770   0.15174587E-05  -0.31287027E-15
   771   0.15195482E-05  -0.27002846E-15
   772   0.15216381E-05  -0.24971321E-15
   773   0.15237282E-05  -0.28293886E-15
   774   0.15258186E-05  -0.28678914E-15
   775   0.15279093E-05  -0.29571444E-15
   776   0.15300002E-05  -0.29601867E-15
   777   0.15320915E-05  -0.29888414E-15
   778   0.15341830E-05  -0.30505520E-15
   779   0.15362748E-05  -0.32332949E-15
   780   0.15383669E-05  -0.29801437E-15
   781   0.15404593E-05  -0.32593945E-15
   782   0.15425520E-05  -0.30487030E-15
   783   0.15446450E-05  -0.30990373E-15
   784   0.15467382E-05  -0.30071952E-15
   785   0.15488317E-05  -0.32980612E-15
   786   0.15509255E-05  -0.30913407E-15
   787   0.15530196E-05  -0.31501488E-15
   788   0.15551140E-05  -0.30239047E-15
   789   0.15572086E-05  -0.32344478E-15
   790   0.15593035E-05  -0.34676269E-15
   791   0.15613987E-05  -0.33719810E-15
   792   0.15634942E-05  -0.35764426E-15
   793   0.15655900E-05  -0.31541313E-15
   794   0.15676860E-05  -0.33793187E-15
   795   0.15697823E-05  -0.31626326E-15
   796   0.15718789E-05  -0.33601691E-15
   797   0.15739757E-05  -0.30770503E-15
   798   0.15760728E-05  -0.34981775E-15
   799   0.15781702E-05  -0.34845115E-15
   800   0.15802678E-05  -0.31884535E-15
   801   0.15823657E-05  -0.30164951E-15
   802   0.15844639E-05  -0.32569843E-15
   803   0.15865623E-05  -0.33876485E-15
   804   0.15886610E-05  -0.32619318E-15
   805   0.15907599E-05  -0.32240960E-15
   806   0.15928591E-05  -0.32349551E-15
   807   0.15949585E-05  -0.31790830E-15
   808   0.15970582E-05  -0.28868330E-15
   809   0.15991581E-05  -0.31176690E-15
   810   0.16012583E-05  -0.31423097E-15
   811   0.16033587E-05  -0.28964532E-15
   812   0.16054593E-05  -0.28417228E-15
   813   0.16075601E-05  -0.32039200E-15
   814   0.16096612E-05  -0.28677028E-15
   815   0.16117625E-05  -0.31491340E-15
   816   0.16138640E-05  -0.30399427E-15
   817   0.16159657E-05  -0.31814587E-15
   818   0.16180676E-05  -0.32674727E-15
   819   0.16201696E-05  -0.33925728E-15
   820   0.16222719E-05  -0.32049987E-15
   821   0.16243744E-05  -0.33676235E-15
   822   0.16264770E-05  -0.35628158E-15
   823   0.16285798E-05  -0.33190087E-15
   824   0.16306827E-05  -0.34091250E-15
   825   0.16327858E-05  -0.33809947E-15
   826   0.16348890E-05  -0.35408032E-15
   827   0.16369924E-05  -0.35353418E-15
   828   0.16390958E-05  -0.35911741E-15
   829   0.16411994E-05  -0.35166985E-15
   830   0.16433031E-05  -0.34618396E-15
   831   0.16454069E-05  -0.34628536E-15
   832   0.16475107E-05  -0.37391822E-15
   833   0.16496147E-05  -0.33048918E-15
   834   0.16517186E-05  -0.33980844E-15
   835   0.16538226E-05  -0.38774863E-15
   836   0.16559267E-05  -0.35736128E-15
   837   0.16580307E-05  -0.35061784E-15
   838   0.16601348E-05  -0.37408962E-15
   839   0.16622389E-05  -0.37272585E-15
   840   0.16643429E-05  -0.38846543E-15
   841   0.16664468E-05  -0.39198787E-15
   842   0.16685508E-05  -0.39183463E-15
   843   0.16706546E-05  -0.38809042E-15
   844   0.16727584E-05  -0.38394767E-15
   845   0.16748620E-05  -0.36390114E-15
   846   0.16769656E-05  -0.36062577E-15
   847   0.16790689E-05  -0.35404591E-15
   848   0.16811722E-05  -0.35576884E-15
   849   0.16832752E-05  -0.34523593E-15
   850   0.16853781E-05  -0.39047918E-15
   851   0.16874807E-05  -0.36682953E-15
   852   0.16895831E-05  -0.36184253E-15
   853   0.16916853E-05  -0.34577515E-15
   854   0.16937872E-05  -0.35248390E-15
   855   0.16958888E-05  -0.34223766E-15
   856   0.16979901E-05  -0.31637633E-15
   857   0.17000910E-05  -0.34318215E-15
   858   0.17021917E-05  -0.29737082E-15
   859   0.17042919E-05  -0.30943083E-15
   860   0.17063917E-05  -0.31530873E-15
   861   0.17084912E-05  -0.28751883E-15
   862   0.17105902E-05  -0.28949108E-15
   863   0.17126887E-05  -0.30197009E-15
   864   0.17147868E-05  -0.29563675E-15
   865   0.17168844E-05  -0.27204995E-15
   866   0.17189815E-05  -0.28339096E-15
   867   0.17210780E-05  -0.27293704E-15
   868   0.17231740E-05  -0.29083294E-15
   869   0.17252694E-05  -0.27655586E-15
   870   0.17273642E-05  -0.27319458E-15
   871   0.17294585E-05  -0.28319175E-15
   872   0.17315520E-05  -0.28930002E-15
   873   0.17336450E-05  -0.26901693E-15
   874   0.17357372E-05  -0.27003318E-15
   875   0.17378288E-05  -0.24868883E-15
   876   0.17399197E-05  -0.26402732E-15
   877   0.17420099E-05  -0.24307530E-15
   878   0.17440993E-05  -0.25841363E-15
   879   0.17461880E-05  -0.24276571E-15
   880   0.17482759E-05  -0.22096997E-15
   881   0.17503631E-05  -0.25317694E-15
   882   0.17524495E-05  -0.24990164E-15
   883   0.17545350E-05  -0.22489237E-15
   884   0.17566198E-05  -0.19411892E-15
   885   0.17587037E-05  -0.21581769E-15
   886   0.17607868E-05  -0.18327855E-15
   887   0.17628690E-05  -0.19573588E-15
   888   0.17649504E-05  -0.17583737E-15
   889   0.17670309E-05  -0.21309741E-15
   890   0.17691106E-05  -0.20704469E-15
   891   0.17711894E-05  -0.23014604E-15
   892   0.17732673E-05  -0.21018783E-15
   893   0.17753443E-05  -0.23836624E-15
   894   0.17774205E-05  -0.20541828E-15
   895   0.17794958E-05  -0.19331430E-15
   896   0.17815701E-05  -0.19895188E-15
   897   0.17836436E-05  -0.16048387E-15
   898   0.17857163E-05  -0.18663623E-15
   899   0.17877880E-05  -0.17293072E-15
   900   0.17898589E-05  -0.17641238E-15
   901   0.17919289E-05  -0.15884012E-15
   902   0.17939981E-05  -0.17072665E-15
   903   0.17960664E-05  -0.17507985E-15
   904   0.17981338E-05  -0.17594028E-15
   905   0.18002005E-05  -0.16554409E-15
   906   0.18022663E-05  -0.16114942E-15
   907   0.18043313E-05  -0.17570019E-15
   908   0.18063955E-05  -0.16710627E-15
   909   0.18084589E-05  -0.17306489E-15
   910   0.18105215E-05  -0.13652306E-15
   911   0.18125834E-05  -0.14362290E-15
   912   0.18146446E-05  -0.15846944E-15
   913   0.18167051E-05  -0.14639037E-15
   914   0.18187648E-05  -0.15145934E-15
   915   0.18208240E-05  -0.16416803E-15
   916   0.18228824E-05  -0.14627697E-15
   917   0.18249402E-05  -0.14642446E-15
   918   0.18269975E-05  -0.11940512E-15
   919   0.18290541E-05  -0.13036827E-15
   920   0.18311102E-05  -0.14348713E-15
   921   0.18331658E-05  -0.13376381E-15
   922   0.18352209E-05  -0.14376530E-15
   923   0.18372756E-05  -0.14688223E-15
   924   0.18393297E-05  -0.13876929E-15
   925   0.18413835E-05  -0.15566502E-15
   926   0.18434369E-05  -0.16297174E-15
   927   0.18454900E-05  -0.16049726E-15
   928   0.18475427E-05  -0.15789865E-15
   929   0.18495952E-05  -0.15979677E-15
   930   0.18516474E-05  -0.14948669E-15
   931   0.18536994E-05  -0.15726247E-15
   932   0.18557512E-05  -0.15572933E-15
   933   0.18578029E-05  -0.16502345E-15
   934   0.18598544E-05  -0.17092540E-15
   935   0.18619059E-05  -0.17126589E-15
   936   0.18639573E-05  -0.17169166E-15
   937   0.18660087E-05  -0.17232107E-15
   938   0.18680601E-05  -0.17397528E-15
   939   0.18701116E-05  -0.17756512E-15
   940   0.18721632E-05  -0.17393054E-15
   941   0.18742149E-05  -0.17331864E-15
   942   0.18762668E-05  -0.17312466E-15
   943   0.18783189E-05  -0.17315631E-15
   944   0.18803712E-05  -0.17336398E-15
   945   0.18824237E-05  -0.17360694E-15
   946   0.18844766E-05  -0.17019100E-15
   947   0.18865298E-05  -0.17304531E-15
   948   0.18885833E-05  -0.17062017E-15
   949   0.18906373E-05  -0.17244360E-15
   950   0.18926917E-05  -0.17516191E-15
   951   0.18947465E-05  -0.17462889E-15
   952   0.18968019E-05  -0.18449646E-15
   953   0.18988578E-05  -0.17817311E-15
   954   0.19009142E-05  -0.18752825E-15
   955   0.19029712E-05  -0.18537531E-15
   956   0.19050288E-05  -0.19456872E-15
   957   0.19070871E-05  -0.19326146E-15
   958   0.19091460E-05  -0.19210143E-15
   959   0.19112057E-05  -0.18237792E-15
   960   0.19132660E-05  -0.20736120E-15
   961   0.19153271E-05  -0.20349219E-15
   962   0.19173890E-05  -0.22216319E-15
   963   0.19194517E-05  -0.20591951E-15
   964   0.19215152E-05  -0.21284448E-15
   965   0.19235795E-05  -0.21975567E-15
   966   0.19256447E-05  -0.22436974E-15
   967   0.19277107E-05  -0.22827234E-15
   968   0.19297777E-05  -0.22807811E-15
   969   0.19318456E-05  -0.21325861E-15
   970   0.19339144E-05  -0.21488046E-15
   971   0.19359842E-05  -0.21052270E-15
   972   0.19380549E-05  -0.22608182E-15
   973   0.19401266E-05  -0.20884652E-15
   974   0.19421993E-05  -0.25306704E-15
   975   0.19442730E-05  -0.24848313E-15
   976   0.19463477E-05  -0.22109362E-15
   977   0.19484234E-05  -0.24269973E-15
   978   0.19505002E-05  -0.24163556E-15
   979   0.19525780E-05  -0.23843017E-15
   980   0.19546568E-05  -0.23779941E-15
   981   0.19567367E-05  -0.24173757E-15
   982   0.19588177E-05  -0.26022356E-15
   983   0.19608997E-05  -0.25238403E-15
   984   0.19629828E-05  -0.23613302E-15
   985   0.19650670E-05  -0.23157421E-15
   986   0.19671522E-05  -0.23134868E-15
   987   0.19692385E-05  -0.25156843E-15
   988   0.19713259E-05  -0.27597948E-15
   989   0.19734143E-05  -0.28366049E-15
   990   0.19755038E-05  -0.28443925E-15
   991   0.19775944E-05  -0.29005150E-15
   992   0.19796860E-05  -0.28668770E-15
   993   0.19817787E-05  -0.30024361E-15
   994   0.19838725E-05  -0.28323681E-15
   995   0.19859673E-05  -0.30600161E-15
   996   0.19880631E-05  -0.27150718E-15
   997   0.19901600E-05  -0.27553732E-15
   998   0.19922579E-05  -0.30925983E-15
   999   0.19943568E-05  -0.31897701E-15
  1000   0.19964567E-05  -0.31239589E-15
  1001   0.19985577E-05  -0.28565045E-15
  1002   0.20006596E-05  -0.30103875E-15
  1003   0.20027625E-05  -0.30297244E-15
  1004   0.20048664E-05  -0.31815924E-15
  1005   0.20069713E-05  -0.30373381E-15
  1006   0.20090771E-05  -0.29801691E-15
  1007   0.20111839E-05  -0.31168362E-15
  1008   0.20132915E-05  -0.32853108E-15
  1009   0.20154002E-05  -0.32358529E-15
  1010   0.20175097E-05  -0.32315345E-15
  1011   0.20196201E-05  -0.33423510E-15
  1012   0.20217314E-05  -0.32443132E-15
  1013   0.20238436E-05  -0.30324884E-15
  1014   0.20259566E-05  -0.28345649E-15
  1015   0.20280705E-05  -0.25881480E-15
  1016   0.20301852E-05  -0.26545013E-15
  1017   0.20323007E-05  -0.25838959E-15
  1018   0.20344171E-05  -0.24857895E-15
  1019   0.20365342E-05  -0.22731892E-15
  1020   0.20386522E-05  -0.21763079E-15
  1021   0.20407709E-05  -0.25578816E-15
  1022   0.20428903E-05  -0.21816363E-15
  1023   0.20450105E-05  -0.23485456E-15
  1024   0.20471315E-05  -0.22402587E-15
  1025   0.20492531E-05  -0.21911702E-15
  1026   0.20513755E-05  -0.25066311E-15
  1027   0.20534986E-05  -0.25981025E-15
  1028   0.20556223E-05  -0.26036103E-15
  1029   0.20577467E-05  -0.26623172E-15
  1030   0.20598718E-05  -0.28574283E-15
  1031   0.20619975E-05  -0.28324770E-15
  1032   0.20641239E-05  -0.26204614E-15
  1033   0.20662509E-05  -0.24646597E-15
  1034   0.20683785E-05  -0.20486583E-15
  1035   0.20705068E-05  -0.21448820E-15
  1036   0.20726356E-05  -0.24391099E-15
  1037   0.20747650E-05  -0.26194137E-15
  1038   0.20768950E-05  -0.24866109E-15
  1039   0.20790255E-05  -0.24131758E-15
  1040   0.20811566E-05  -0.22205078E-15
  1041   0.20832883E-05  -0.23346828E-15
  1042   0.20854204E-05  -0.20753279E-15
  1043   0.20875532E-05  -0.18661312E-15
  1044   0.20896864E-05  -0.21990393E-15
  1045   0.20918201E-05  -0.23622178E-15
  1046   0.20939544E-05  -0.21962506E-15
  1047   0.20960891E-05  -0.23642005E-15
  1048   0.20982244E-05  -0.22513051E-15
  1049   0.21003601E-05  -0.21377279E-15
  1050   0.21024962E-05  -0.21667961E-15
  1051   0.21046329E-05  -0.24520503E-15
  1052   0.21067700E-05  -0.24093502E-15
  1053   0.21089076E-05  -0.24690966E-15
  1054   0.21110456E-05  -0.24431765E-15
  1055   0.21131840E-05  -0.22483325E-15
  1056   0.21153229E-05  -0.22031514E-15
  1057   0.21174622E-05  -0.21879083E-15
  1058   0.21196019E-05  -0.22112884E-15
  1059   0.21217421E-05  -0.23994870E-15
  1060   0.21238827E-05  -0.25286175E-15
  1061   0.21260236E-05  -0.24590369E-15
  1062   0.21281650E-05  -0.21723331E-15
  1063   0.21303068E-05  -0.21946004E-15
  1064   0.21324490E-05  -0.16746186E-15
  1065   0.21345915E-05  -0.16445670E-15
  1066   0.21367345E-05  -0.18046601E-15
  1067   0.21388778E-05  -0.16887077E-15
  1068   0.21410215E-05  -0.17300543E-15
  1069   0.21431656E-05  -0.16341890E-15
  1070   0.21453100E-05  -0.13910820E-15
  1071   0.21474548E-05  -0.15258965E-15
  1072   0.21496000E-05  -0.13931171E-15
  1073   0.21517456E-05  -0.13206433E-15
  1074   0.21538915E-05  -0.13624167E-15
  1075   0.21560377E-05  -0.12743742E-15
  1076   0.21581843E-05  -0.12169408E-15
  1077   0.21603313E-05  -0.14995106E-15
  1078   0.21624786E-05  -0.14747889E-15
  1079   0.21646262E-05  -0.15750233E-15
  1080   0.21667742E-05  -0.15581465E-15
  1081   0.21689226E-05  -0.14652731E-15
  1082   0.21710712E-05  -0.15230233E-15
  1083   0.21732202E-05  -0.15630487E-15
  1084   0.21753696E-05  -0.16624804E-15
  1085   0.21775193E-05  -0.20914868E-15
  1086   0.21796693E-05  -0.21878320E-15
  1087   0.21818196E-05  -0.19557974E-15
  1088   0.21839703E-05  -0.24284121E-15
  1089   0.21861212E-05  -0.27778681E-15
  1090   0.21882726E-05  -0.28543240E-15
  1091   0.21904242E-05  -0.27649519E-15
  1092   0.21925762E-05  -0.25623039E-15
  1093   0.21947284E-05  -0.27727606E-15
  1094   0.21968810E-05  -0.26226982E-15
  1095   0.21990339E-05  -0.25634106E-15
  1096   0.22011872E-05  -0.23979150E-15
  1097   0.22033407E-05  -0.25032920E-15
  1098   0.22054946E-05  -0.23746102E-15
  1099   0.22076487E-05  -0.22748963E-15
  1100   0.22098032E-05  -0.21399800E-15
  1101   0.22119580E-05  -0.21158788E-15
  1102   0.22141131E-05  -0.20619612E-15
  1103   0.22162686E-05  -0.20386761E-15
  1104   0.22184243E-05  -0.21564891E-15
  1105   0.22205803E-05  -0.17208836E-15
  1106   0.22227367E-05  -0.21866854E-15
  1107   0.22248933E-05  -0.23886408E-15
  1108   0.22270503E-05  -0.20541678E-15
  1109   0.22292075E-05  -0.23572296E-15
  1110   0.22313651E-05  -0.20687989E-15
  1111   0.22335230E-05  -0.20590575E-15
  1112   0.22356812E-05  -0.25528784E-15
  1113   0.22378396E-05  -0.24944482E-15
  1114   0.22399984E-05  -0.23155398E-15
  1115   0.22421575E-05  -0.23618094E-15
  1116   0.22443169E-05  -0.20851040E-15
  1117   0.22464766E-05  -0.21556084E-15
  1118   0.22486366E-05  -0.20498857E-15
  1119   0.22507969E-05  -0.25216289E-15
  1120   0.22529575E-05  -0.21539176E-15
  1121   0.22551184E-05  -0.20849230E-15
  1122   0.22572795E-05  -0.26688051E-15
  1123   0.22594410E-05  -0.24557591E-15
  1124   0.22616028E-05  -0.24605036E-15
  1125   0.22637649E-05  -0.27076173E-15
  1126   0.22659273E-05  -0.29068018E-15
  1127   0.22680900E-05  -0.28289701E-15
  1128   0.22702530E-05  -0.27619346E-15
  1129   0.22724163E-05  -0.28519636E-15
  1130   0.22745799E-05  -0.26571831E-15
  1131   0.22767438E-05  -0.26420436E-15
  1132   0.22789079E-05  -0.26384799E-15
  1133   0.22810724E-05  -0.28089685E-15
  1134   0.22832372E-05  -0.30997636E-15
  1135   0.22854023E-05  -0.26757530E-15
  1136   0.22875677E-05  -0.23468952E-15
  1137   0.22897333E-05  -0.28478570E-15
  1138   0.22918993E-05  -0.26819195E-15
  1139   0.22940656E-05  -0.27978489E-15
  1140   0.22962321E-05  -0.25797962E-15
  1141   0.22983990E-05  -0.24725921E-15
  1142   0.23005661E-05  -0.26939163E-15
  1143   0.23027336E-05  -0.26612436E-15
  1144   0.23049014E-05  -0.28604123E-15
  1145   0.23070694E-05  -0.28905881E-15
  1146   0.23092377E-05  -0.28254445E-15
  1147   0.23114064E-05  -0.31058131E-15
  1148   0.23135753E-05  -0.29677885E-15
  1149   0.23157446E-05  -0.28649313E-15
  1150   0.23179141E-05  -0.30664111E-15
  1151   0.23200839E-05  -0.28746115E-15
  1152   0.23222540E-05  -0.29499502E-15
  1153   0.23244245E-05  -0.30419710E-15
  1154   0.23265952E-05  -0.28754923E-15
  1155   0.23287662E-05  -0.28587166E-15
  1156   0.23309375E-05  -0.29517172E-15
  1157   0.23331091E-05  -0.31792363E-15
  1158   0.23352810E-05  -0.29232418E-15
  1159   0.23374532E-05  -0.28460560E-15
  1160   0.23396257E-05  -0.28219662E-15
  1161   0.23417985E-05  -0.26709308E-15
  1162   0.23439716E-05  -0.27037402E-15
  1163   0.23461450E-05  -0.24682087E-15
  1164   0.23483187E-05  -0.27590420E-15
  1165   0.23504927E-05  -0.25427663E-15
  1166   0.23526669E-05  -0.28494585E-15
  1167   0.23548415E-05  -0.25963245E-15
  1168   0.23570164E-05  -0.26406841E-15
  1169   0.23591915E-05  -0.25124610E-15
  1170   0.23613670E-05  -0.25294305E-15
  1171   0.23635428E-05  -0.25574577E-15
  1172   0.23657188E-05  -0.26418175E-15
  1173   0.23678952E-05  -0.25516896E-15
  1174   0.23700718E-05  -0.24451656E-15
  1175   0.23722488E-05  -0.26833915E-15
  1176   0.23744260E-05  -0.25033437E-15
  1177   0.23766036E-05  -0.25010340E-15
  1178   0.23787814E-05  -0.26374975E-15
  1179   0.23809595E-05  -0.27090067E-15
  1180   0.23831380E-05  -0.24627091E-15
  1181   0.23853167E-05  -0.27326186E-15
  1182   0.23874957E-05  -0.25699876E-15
  1183   0.23896750E-05  -0.23747851E-15
  1184   0.23918547E-05  -0.27205266E-15
  1185   0.23940346E-05  -0.24396606E-15
  1186   0.23962148E-05  -0.24971616E-15
  1187   0.23983953E-05  -0.26445077E-15
  1188   0.24005761E-05  -0.25035802E-15
  1189   0.24027572E-05  -0.25512639E-15
  1190   0.24049386E-05  -0.24883872E-15
  1191   0.24071203E-05  -0.24863156E-15
  1192   0.24093023E-05  -0.24169483E-15
  1193   0.24114846E-05  -0.25206728E-15
  1194   0.24136672E-05  -0.25008626E-15
  1195   0.24158501E-05  -0.25173269E-15
  1196   0.24180333E-05  -0.24561956E-15
  1197   0.24202168E-05  -0.24380526E-15
  1198   0.24224006E-05  -0.25060967E-15
  1199   0.24245847E-05  -0.24657764E-15
  1200   0.24267691E-05  -0.24558576E-15
  1201   0.24289537E-05  -0.25166899E-15
  1202   0.24311387E-05  -0.24726715E-15
  1203   0.24333240E-05  -0.24294312E-15
  1204   0.24355096E-05  -0.24637619E-15
  1205   0.24376954E-05  -0.24810435E-15
  1206   0.24398816E-05  -0.25720947E-15
  1207   0.24420681E-05  -0.25392927E-15
  1208   0.24442548E-05  -0.25668102E-15
  1209   0.24464419E-05  -0.25817800E-15
  1210   0.24486293E-05  -0.24971605E-15
  1211   0.24508169E-05  -0.25406189E-15
  1212   0.24530049E-05  -0.25881624E-15
  1213   0.24551931E-05  -0.25858826E-15
  1214   0.24573817E-05  -0.26184460E-15
  1215   0.24595706E-05  -0.26151274E-15
  1216   0.24617597E-05  -0.26398846E-15
  1217   0.24639492E-05  -0.26202445E-15
  1218   0.24661389E-05  -0.26278324E-15
  1219   0.24683290E-05  -0.26418296E-15
  1220   0.24705193E-05  -0.26021441E-15
  1221   0.24727099E-05  -0.26088258E-15
  1222   0.24749009E-05  -0.26043880E-15
  1223   0.24770921E-05  -0.25904908E-15
  1224   0.24792837E-05  -0.25814408E-15
  1225   0.24814755E-05  -0.25940868E-15
  1226   0.24836676E-05  -0.25951469E-15
  1227   0.24858601E-05  -0.25933555E-15
  1228   0.24880528E-05  -0.25896013E-15
  1229   0.24902459E-05  -0.25890945E-15
  1230   0.24924392E-05  -0.25908923E-15
  1231   0.24946328E-05  -0.25892232E-15
  1232   0.24968267E-05  -0.25922962E-15
  1233   0.24990210E-05  -0.25797184E-15
  1234   0.25012155E-05  -0.25848960E-15
  1235   0.25034103E-05  -0.25857332E-15
  1236   0.25056055E-05  -0.25736997E-15
  1237   0.25078009E-05  -0.25790140E-15
  1238   0.25099966E-05  -0.25755231E-15
  1239   0.25121926E-05  -0.25808415E-15
  1240   0.25143889E-05  -0.25818249E-15
  1241   0.25165855E-05  -0.25958920E-15
  1242   0.25187825E-05  -0.25968839E-15
  1243   0.25209797E-05  -0.25934769E-15
  1244   0.25231772E-05  -0.25814694E-15
  1245   0.25253750E-05  -0.25911189E-15
  1246   0.25275731E-05  -0.25746850E-15
  1247   0.25297715E-05  -0.25712348E-15
  1248   0.25319702E-05  -0.25762783E-15
  1249   0.25341692E-05  -0.25726127E-15
  1250   0.25363685E-05  -0.25732061E-15
  1251   0.25385681E-05  -0.25671784E-15
  1252   0.25407680E-05  -0.25653797E-15
  1253   0.25429682E-05  -0.25699794E-15
  1254   0.25451687E-05  -0.25614369E-15
  1255   0.25473695E-05  -0.25614337E-15
  1256   0.25495706E-05  -0.25607451E-15
  1257   0.25517719E-05  -0.25569266E-15
  1258   0.25539736E-05  -0.25656906E-15
  1259   0.25561756E-05  -0.25745638E-15
  1260   0.25583779E-05  -0.25786575E-15
  1261   0.25605805E-05  -0.25766150E-15
  1262   0.25627833E-05  -0.25852278E-15
  1263   0.25649865E-05  -0.25773933E-15
  1264   0.25671900E-05  -0.25780441E-15
  1265   0.25693937E-05  -0.25871781E-15
  1266   0.25715978E-05  -0.25874330E-15
  1267   0.25738021E-05  -0.25831327E-15
  1268   0.25760068E-05  -0.25851554E-15
  1269   0.25782117E-05  -0.25782858E-15
  1270   0.25804170E-05  -0.25885252E-15
  1271   0.25826225E-05  -0.25985574E-15
  1272   0.25848283E-05  -0.26039933E-15
  1273   0.25870344E-05  -0.25962571E-15
  1274   0.25892409E-05  -0.25883547E-15
  1275   0.25914476E-05  -0.26063071E-15
  1276   0.25936546E-05  -0.25937334E-15
  1277   0.25958619E-05  -0.25765767E-15
  1278   0.25980695E-05  -0.25720498E-15
  1279   0.26002774E-05  -0.25978336E-15
  1280   0.26024856E-05  -0.25885387E-15
  1281   0.26046941E-05  -0.25967420E-15
  1282   0.26069028E-05  -0.26002091E-15
  1283   0.26091119E-05  -0.26120873E-15
  1284   0.26113213E-05  -0.25936082E-15
  1285   0.26135309E-05  -0.25941701E-15
  1286   0.26157409E-05  -0.25838201E-15
  1287   0.26179511E-05  -0.25760681E-15
  1288   0.26201616E-05  -0.25740851E-15
  1289   0.26223724E-05  -0.25777247E-15
  1290   0.26245836E-05  -0.25905908E-15
  1291   0.26267950E-05  -0.25945964E-15
  1292   0.26290067E-05  -0.25917917E-15
  1293   0.26312186E-05  -0.25827786E-15
  1294   0.26334309E-05  -0.25799225E-15
  1295   0.26356435E-05  -0.25899102E-15
  1296   0.26378563E-05  -0.25913855E-15
  1297   0.26400695E-05  -0.25743528E-15
  1298   0.26422829E-05  -0.25842500E-15
  1299   0.26444966E-05  -0.25951741E-15
  1300   0.26467106E-05  -0.25951651E-15
  1301   0.26489249E-05  -0.26099387E-15
  1302   0.26511395E-05  -0.26389529E-15
  1303   0.26533544E-05  -0.26273333E-15
  1304   0.26555695E-05  -0.25682064E-15
  1305   0.26577850E-05  -0.25260397E-15
  1306   0.26600007E-05  -0.25229154E-15
  1307   0.26622167E-05  -0.25605824E-15
  1308   0.26644330E-05  -0.25830648E-15
  1309   0.26666496E-05  -0.25683174E-15
  1310   0.26688665E-05  -0.24954539E-15
  1311   0.26710836E-05  -0.24095859E-15
  1312   0.26733011E-05  -0.24614264E-15
  1313   0.26755188E-05  -0.23793999E-15
  1314   0.26777368E-05  -0.23352760E-15
  1315   0.26799551E-05  -0.22215568E-15
  1316   0.26821736E-05  -0.22422768E-15
  1317   0.26843925E-05  -0.22329600E-15
  1318   0.26866116E-05  -0.21228251E-15
  1319   0.26888310E-05  -0.23362756E-15
  1320   0.26910507E-05  -0.22255121E-15
  1321   0.26932706E-05  -0.21842856E-15
  1322   0.26954909E-05  -0.22389460E-15
  1323   0.26977114E-05  -0.22929948E-15
  1324   0.26999322E-05  -0.23466331E-15
  1325   0.27021532E-05  -0.23910225E-15
  1326   0.27043746E-05  -0.22439835E-15
  1327   0.27065962E-05  -0.22530322E-15
  1328   0.27088181E-05  -0.24627623E-15
  1329   0.27110403E-05  -0.23438777E-15
  1330   0.27132627E-05  -0.23368044E-15
  1331   0.27154854E-05  -0.23653778E-15
  1332   0.27177084E-05  -0.21523111E-15
  1333   0.27199317E-05  -0.20724373E-15
  1334   0.27221552E-05  -0.20612051E-15
  1335   0.27243790E-05  -0.18989128E-15
  1336   0.27266031E-05  -0.17366251E-15
  1337   0.27288274E-05  -0.17251345E-15
  1338   0.27310520E-05  -0.17363071E-15
  1339   0.27332769E-05  -0.16205756E-15
  1340   0.27355020E-05  -0.17281283E-15
  1341   0.27377274E-05  -0.14746058E-15
  1342   0.27399531E-05  -0.15191768E-15
  1343   0.27421791E-05  -0.13360894E-15
  1344   0.27444053E-05  -0.13817522E-15
  1345   0.27466317E-05  -0.13570955E-15
  1346   0.27488585E-05  -0.15889923E-15
  1347   0.27510854E-05  -0.16867167E-15
  1348   0.27533127E-05  -0.13529041E-15
  1349   0.27555402E-05  -0.12920188E-15
  1350   0.27577680E-05  -0.11567623E-15
  1351   0.27599960E-05  -0.11628703E-15
  1352   0.27622243E-05  -0.13473167E-15
  1353   0.27644529E-05  -0.11109129E-15
  1354   0.27666817E-05  -0.12066985E-15
  1355   0.27689107E-05  -0.13052317E-15
  1356   0.27711400E-05  -0.93227219E-16
  1357   0.27733696E-05  -0.83060458E-16
  1358   0.27755994E-05  -0.80289033E-16
  1359   0.27778295E-05  -0.88209487E-16
  1360   0.27800598E-05  -0.79031291E-16
  1361   0.27822904E-05  -0.95771134E-16
  1362   0.27845212E-05  -0.10868052E-15
  1363   0.27867523E-05  -0.96122734E-16
  1364   0.27889836E-05  -0.81894797E-16
  1365   0.27912152E-05  -0.88717717E-16
  1366   0.27934470E-05  -0.74315510E-16
  1367   0.27956791E-05  -0.86846451E-16
  1368   0.27979114E-05  -0.73951523E-16
  1369   0.28001440E-05  -0.74028526E-16
  1370   0.28023768E-05  -0.62539388E-16
  1371   0.28046098E-05  -0.76300693E-16
  1372   0.28068431E-05  -0.76185640E-16
  1373   0.28090767E-05  -0.63511288E-16
  1374   0.28113104E-05  -0.84016592E-16
  1375   0.28135444E-05  -0.82312221E-16
  1376   0.28157787E-05  -0.63146296E-16
  1377   0.28180132E-05  -0.99177085E-16
  1378   0.28202479E-05  -0.93973324E-16
  1379   0.28224828E-05  -0.11728532E-15
  1380   0.28247180E-05  -0.13477120E-15
  1381   0.28269535E-05  -0.14499560E-15
  1382   0.28291891E-05  -0.13182075E-15
  1383   0.28314250E-05  -0.13499037E-15
  1384   0.28336611E-05  -0.12631108E-15
  1385   0.28358975E-05  -0.10802334E-15
  1386   0.28381341E-05  -0.11835938E-15
  1387   0.28403709E-05  -0.11667712E-15
  1388   0.28426079E-05  -0.95353895E-16
  1389   0.28448452E-05  -0.89817457E-16
  1390   0.28470827E-05  -0.96404376E-16
  1391   0.28493204E-05  -0.10952980E-15
  1392   0.28515584E-05  -0.11326815E-15
  1393   0.28537965E-05  -0.10553199E-15
  1394   0.28560349E-05  -0.11757911E-15
  1395   0.28582735E-05  -0.10981058E-15
  1396   0.28605124E-05  -0.14118394E-15
  1397   0.28627514E-05  -0.12190920E-15
  1398   0.28649907E-05  -0.15655897E-15
  1399   0.28672301E-05  -0.13346261E-15
  1400   0.28694698E-05  -0.15739433E-15
  1401   0.28717097E-05  -0.15036141E-15
  1402   0.28739499E-05  -0.18213093E-15
  1403   0.28761902E-05  -0.13375666E-15
  1404   0.28784307E-05  -0.12180778E-15
  1405   0.28806715E-05  -0.12406707E-15
  1406   0.28829125E-05  -0.96875182E-16
  1407   0.28851536E-05  -0.12656701E-15
  1408   0.28873950E-05  -0.13532735E-15
  1409   0.28896365E-05  -0.14123572E-15
  1410   0.28918783E-05  -0.14411503E-15
  1411   0.28941203E-05  -0.14637073E-15
  1412   0.28963624E-05  -0.16113278E-15
  1413   0.28986048E-05  -0.16606090E-15
  1414   0.29008473E-05  -0.21591256E-15
  1415   0.29030901E-05  -0.26217296E-15
  1416   0.29053330E-05  -0.21657012E-15
  1417   0.29075761E-05  -0.22731046E-15
  1418   0.29098194E-05  -0.20917488E-15
  1419   0.29120629E-05  -0.19640776E-15
  1420   0.29143065E-05  -0.24331268E-15
  1421   0.29165504E-05  -0.22231472E-15
  1422   0.29187943E-05  -0.24620030E-15
  1423   0.29210385E-05  -0.20717635E-15
  1424   0.29232828E-05  -0.23386987E-15
  1425   0.29255273E-05  -0.23966931E-15
  1426   0.29277720E-05  -0.23457120E-15
  1427   0.29300167E-05  -0.21818358E-15
  1428   0.29322617E-05  -0.22861182E-15
  1429   0.29345068E-05  -0.24296885E-15
  1430   0.29367520E-05  -0.22115367E-15
  1431   0.29389973E-05  -0.22953150E-15
  1432   0.29412428E-05  -0.21405863E-15
  1433   0.29434884E-05  -0.22534007E-15
  1434   0.29457341E-05  -0.21715206E-15
  1435   0.29479799E-05  -0.20498416E-15
  1436   0.29502258E-05  -0.20714075E-15
  1437   0.29524719E-05  -0.19250181E-15
  1438   0.29547180E-05  -0.20756995E-15
  1439   0.29569642E-05  -0.20377653E-15
  1440   0.29592104E-05  -0.19920897E-15
  1441   0.29614567E-05  -0.18656529E-15
  1442   0.29637031E-05  -0.19375871E-15
  1443   0.29659495E-05  -0.17407426E-15
  1444   0.29681960E-05  -0.17628474E-15
  1445   0.29704425E-05  -0.17231670E-15
  1446   0.29726890E-05  -0.16544438E-15
  1447   0.29749355E-05  -0.20143068E-15
  1448   0.29771820E-05  -0.17661233E-15
  1449   0.29794285E-05  -0.16054684E-15
  1450   0.29816750E-05  -0.16471003E-15
  1451   0.29839214E-05  -0.15946077E-15
  1452   0.29861678E-05  -0.12493409E-15
  1453   0.29884141E-05  -0.13543276E-15
  1454   0.29906603E-05  -0.15742914E-15
  1455   0.29929064E-05  -0.16569787E-15
  1456   0.29951524E-05  -0.14763016E-15
  1457   0.29973983E-05  -0.14824090E-15
  1458   0.29996440E-05  -0.16769209E-15
  1459   0.30018896E-05  -0.16172485E-15
  1460   0.30041350E-05  -0.16709576E-15
  1461   0.30063802E-05  -0.20463667E-15
  1462   0.30086252E-05  -0.20682806E-15
  1463   0.30108700E-05  -0.19752032E-15
  1464   0.30131145E-05  -0.18082828E-15
  1465   0.30153588E-05  -0.18453654E-15
  1466   0.30176027E-05  -0.16901494E-15
  1467   0.30198464E-05  -0.17834330E-15
  1468   0.30220897E-05  -0.18805328E-15
  1469   0.30243327E-05  -0.17554040E-15
  1470   0.30265752E-05  -0.16240622E-15
  1471   0.30288174E-05  -0.18030942E-15
  1472   0.30310592E-05  -0.19754242E-15
  1473   0.30333006E-05  -0.19135677E-15
  1474   0.30355414E-05  -0.17025507E-15
  1475   0.30377818E-05  -0.18787516E-15
  1476   0.30400217E-05  -0.18532050E-15
  1477   0.30422610E-05  -0.21845060E-15
  1478   0.30444998E-05  -0.20353392E-15
  1479   0.30467380E-05  -0.18255521E-15
  1480   0.30489756E-05  -0.19085548E-15
  1481   0.30512125E-05  -0.21449948E-15
  1482   0.30534488E-05  -0.18219813E-15
  1483   0.30556844E-05  -0.19780110E-15
  1484   0.30579192E-05  -0.15729138E-15
  1485   0.30601534E-05  -0.16989962E-15
  1486   0.30623867E-05  -0.17308736E-15
  1487   0.30646193E-05  -0.19691441E-15
  1488   0.30668510E-05  -0.20398650E-15
  1489   0.30690819E-05  -0.16545067E-15
  1490   0.30713120E-05  -0.13840087E-15
  1491   0.30735411E-05  -0.18138498E-15
  1492   0.30757693E-05  -0.13723959E-15
  1493   0.30779966E-05  -0.12103769E-15
  1494   0.30802228E-05  -0.11809057E-15
  1495   0.30824481E-05  -0.10996256E-15
  1496   0.30846724E-05  -0.13249135E-15
  1497   0.30868956E-05  -0.11927717E-15
  1498   0.30891178E-05  -0.12564769E-15
  1499   0.30913388E-05  -0.11513741E-15
  1500   0.30935587E-05  -0.15390676E-15
  1501   0.30957775E-05  -0.11405311E-15
  1502   0.30979952E-05  -0.10773281E-15
  1503   0.31002116E-05  -0.11484825E-15
  1504   0.31024269E-05  -0.68406110E-16
  1505   0.31046410E-05  -0.70359411E-16
  1506   0.31068538E-05  -0.51569667E-16
  1507   0.31090653E-05  -0.76020256E-16
  1508   0.31112756E-05  -0.68625946E-16
  1509   0.31134847E-05  -0.58231590E-16
  1510   0.31156924E-05  -0.51708776E-16
  1511   0.31178988E-05  -0.90463593E-16
  1512   0.31201039E-05  -0.64737873E-16
  1513   0.31223076E-05  -0.75269780E-16
  1514   0.31245100E-05  -0.74594109E-16
  1515   0.31267111E-05  -0.94625708E-16
  1516   0.31289108E-05  -0.84682731E-16
  1517   0.31311092E-05  -0.10871409E-15
  1518   0.31333062E-05  -0.12579552E-15
  1519   0.31355018E-05  -0.11649409E-15
  1520   0.31376960E-05  -0.88789495E-16
  1521   0.31398889E-05  -0.68868515E-16
  1522   0.31420804E-05  -0.10161642E-15
  1523   0.31442705E-05  -0.90459353E-16
  1524   0.31464593E-05  -0.95131331E-16
  1525   0.31486468E-05  -0.90743825E-16
  1526   0.31508328E-05  -0.82370653E-16
  1527   0.31530176E-05  -0.71503412E-16
  1528   0.31552010E-05  -0.54205542E-16
  1529   0.31573830E-05  -0.34237193E-16
  1530   0.31595638E-05  -0.47283659E-16
  1531   0.31617433E-05  -0.35748490E-16
  1532   0.31639215E-05  -0.15674666E-16
  1533   0.31660985E-05  -0.13448146E-17
  1534   0.31682742E-05  -0.22299927E-16
  1535   0.31704487E-05  -0.19263959E-16
  1536   0.31726220E-05  -0.21796153E-16
  1537   0.31747941E-05  -0.15521342E-16
  1538   0.31769651E-05  -0.16089023E-16
  1539   0.31791350E-05  -0.41763284E-17
  1540   0.31813037E-05  -0.27606475E-16
  1541   0.31834714E-05  -0.40225216E-16
  1542   0.31856381E-05  -0.79246339E-17
  1543   0.31878037E-05  -0.15176741E-16
  1544   0.31899684E-05  -0.32393078E-16
  1545   0.31921321E-05  -0.21863552E-16
  1546   0.31942949E-05  -0.40984019E-16
  1547   0.31964569E-05  -0.41213221E-16
  1548   0.31986180E-05  -0.41911827E-16
  1549   0.32007783E-05  -0.35255795E-16
  1550   0.32029378E-05  -0.55250588E-16
  1551   0.32050966E-05  -0.37480256E-16
  1552   0.32072548E-05  -0.41719378E-16
  1553   0.32094123E-05  -0.20108256E-16
  1554   0.32115691E-05  -0.17061032E-16
  1555   0.32137255E-05  -0.29894920E-16
  1556   0.32158812E-05  -0.33487039E-16
  1557   0.32180366E-05  -0.39751953E-16
  1558   0.32201914E-05  -0.42126710E-16
  1559   0.32223459E-05  -0.56610002E-16
  1560   0.32245000E-05  -0.44424163E-16
  1561   0.32266539E-05  -0.50083446E-16
  1562   0.32288074E-05  -0.53039124E-16
  1563   0.32309607E-05  -0.49779222E-16
  1564   0.32331139E-05  -0.43138230E-16
  1565   0.32352669E-05  -0.47609189E-16
  1566   0.32374198E-05  -0.47337877E-16
  1567   0.32395727E-05  -0.48191947E-16
  1568   0.32417255E-05  -0.48074687E-16
  1569   0.32438785E-05  -0.47741974E-16
  1570   0.32460314E-05  -0.48358085E-16
  1571   0.32481845E-05  -0.47583223E-16
  1572   0.32503378E-05  -0.47780884E-16
  1573   0.32524913E-05  -0.47212142E-16
  1574   0.32546450E-05  -0.46020515E-16
  1575   0.32567990E-05  -0.46772921E-16
  1576   0.32589533E-05  -0.47602851E-16
  1577   0.32611080E-05  -0.42449989E-16
  1578   0.32632631E-05  -0.48376671E-16
  1579   0.32654186E-05  -0.49367809E-16
  1580   0.32675747E-05  -0.43753789E-16
  1581   0.32697312E-05  -0.43449107E-16
  1582   0.32718883E-05  -0.42597757E-16
  1583   0.32740459E-05  -0.37748650E-16
  1584   0.32762042E-05  -0.39495860E-16
  1585   0.32783631E-05  -0.49812742E-16
  1586   0.32805227E-05  -0.47587182E-16
  1587   0.32826831E-05  -0.44618070E-16
  1588   0.32848441E-05  -0.37157247E-16
  1589   0.32870060E-05  -0.49004577E-16
  1590   0.32891686E-05  -0.46298589E-16
  1591   0.32913321E-05  -0.49982010E-16
  1592   0.32934964E-05  -0.32727767E-16
  1593   0.32956616E-05  -0.31875960E-16
  1594   0.32978277E-05  -0.33107160E-16
  1595   0.32999947E-05  -0.33095963E-16
  1596   0.33021627E-05  -0.55207831E-16
  1597   0.33043316E-05  -0.58093550E-17
  1598   0.33065016E-05  -0.57986032E-17
  1599   0.33086725E-05  -0.47745743E-17
  1600   0.33108445E-05  -0.32971327E-18
  1601   0.33130175E-05   0.19154730E-16
  1602   0.33151916E-05   0.17488661E-16
  1603   0.33173667E-05   0.23923837E-16
  1604   0.33195430E-05   0.32383477E-16
  1605   0.33217203E-05   0.35807461E-16
  1606   0.33238988E-05   0.40016153E-16
  1607   0.33260783E-05   0.27159924E-16
  1608   0.33282590E-05   0.44194673E-16
  1609   0.33304409E-05   0.53022202E-16
  1610   0.33326239E-05   0.36247638E-16
  1611   0.33348081E-05   0.35505629E-16
  1612   0.33369934E-05   0.35792939E-16
  1613   0.33391799E-05   0.63399973E-16
  1614   0.33413676E-05   0.22197545E-16
  1615   0.33435564E-05   0.23907247E-16
  1616   0.33457465E-05   0.24741114E-16
  1617   0.33479377E-05   0.29486937E-16
  1618   0.33501301E-05  -0.59643231E-18
  1619   0.33523237E-05   0.16841513E-16
  1620   0.33545185E-05   0.46516823E-17
  1621   0.33567145E-05   0.11739744E-16
  1622   0.33589116E-05   0.21099076E-16
  1623   0.33611099E-05   0.36039507E-16
  1624   0.33633095E-05   0.24176304E-16
  1625   0.33655101E-05   0.24261299E-16
  1626   0.33677120E-05   0.49269851E-16
  1627   0.33699150E-05   0.34577068E-16
  1628   0.33721192E-05   0.17042460E-16
  1629   0.33743246E-05   0.33295211E-16
  1630   0.33765310E-05   0.21574097E-16
  1631   0.33787387E-05  -0.14268537E-16
  1632   0.33809474E-05  -0.20824064E-16
  1633   0.33831573E-05  -0.64512729E-17
  1634   0.33853684E-05   0.41165424E-16
  1635   0.33875805E-05   0.24814505E-16
  1636   0.33897937E-05   0.28947146E-16
  1637   0.33920080E-05   0.24658008E-16
  1638   0.33942234E-05  -0.10981108E-16
  1639   0.33964399E-05   0.47427587E-17
  1640   0.33986574E-05   0.17536835E-16
  1641   0.34008760E-05  -0.18954107E-16
  1642   0.34030956E-05   0.60153540E-17
  1643   0.34053162E-05   0.15485671E-16
  1644   0.34075378E-05   0.32703223E-16
  1645   0.34097605E-05   0.28193892E-16
  1646   0.34119841E-05   0.10023445E-16
  1647   0.34142087E-05   0.36487774E-16
  1648   0.34164343E-05   0.24927626E-16
  1649   0.34186608E-05   0.40455904E-17
  1650   0.34208883E-05  -0.55352204E-17
  1651   0.34231167E-05   0.32045738E-16
  1652   0.34253460E-05   0.16243772E-16
  1653   0.34275762E-05  -0.68506233E-17
  1654   0.34298073E-05  -0.10691272E-16
  1655   0.34320392E-05  -0.19946770E-16
  1656   0.34342720E-05  -0.25157453E-17
  1657   0.34365057E-05  -0.31597304E-16
  1658   0.34387402E-05  -0.19992294E-16
  1659   0.34409755E-05  -0.33772802E-16
  1660   0.34432116E-05  -0.22114572E-16
  1661   0.34454485E-05  -0.24800668E-16
  1662   0.34476862E-05  -0.57774824E-16
  1663   0.34499246E-05  -0.42886828E-16
  1664   0.34521638E-05  -0.33364229E-16
  1665   0.34544037E-05  -0.11582030E-16
  1666   0.34566443E-05  -0.19502271E-16
  1667   0.34588857E-05  -0.27544068E-16
  1668   0.34611277E-05  -0.22956241E-16
  1669   0.34633704E-05  -0.27744553E-16
  1670   0.34656138E-05  -0.32482135E-16
  1671   0.34678579E-05   0.75814939E-17
  1672   0.34701026E-05   0.71552645E-17
  1673   0.34723479E-05   0.15451878E-17
  1674   0.34745938E-05  -0.25896695E-17
  1675   0.34768404E-05  -0.26235398E-16
  1676   0.34790875E-05  -0.32386940E-16
  1677   0.34813352E-05  -0.21191908E-16
  1678   0.34835835E-05  -0.92475394E-17
  1679   0.34858323E-05   0.11471709E-16
  1680   0.34880817E-05   0.22673045E-16
  1681   0.34903317E-05   0.59167359E-17
  1682   0.34925821E-05   0.18366331E-16
  1683   0.34948331E-05   0.56352105E-16
  1684   0.34970846E-05   0.39846015E-16
  1685   0.34993365E-05   0.17356393E-16
  1686   0.35015890E-05   0.16717491E-16
  1687   0.35038419E-05   0.41196659E-16
  1688   0.35060953E-05   0.20781014E-16
  1689   0.35083492E-05   0.14176536E-16
  1690   0.35106034E-05   0.25986054E-16
  1691   0.35128582E-05   0.44399724E-16
  1692   0.35151133E-05   0.45941499E-16
  1693   0.35173689E-05   0.16508566E-16
  1694   0.35196249E-05   0.41862752E-16
  1695   0.35218813E-05   0.58730792E-16
  1696   0.35241381E-05   0.61150563E-16
  1697   0.35263953E-05   0.72932507E-16
  1698   0.35286529E-05   0.70151771E-16
  1699   0.35309109E-05   0.98666730E-16
  1700   0.35331692E-05   0.94905216E-16
  1701   0.35354279E-05   0.91688524E-16
  1702   0.35376870E-05   0.71855626E-16
  1703   0.35399464E-05   0.53358673E-16
  1704   0.35422061E-05   0.83426671E-16
  1705   0.35444662E-05   0.76261694E-16
  1706   0.35467266E-05   0.62724186E-16
  1707   0.35489874E-05   0.48837474E-16
  1708   0.35512485E-05   0.57580364E-16
  1709   0.35535099E-05   0.48532259E-16
  1710   0.35557717E-05   0.39314230E-16
  1711   0.35580337E-05   0.75761833E-16
  1712   0.35602961E-05   0.77599107E-16
  1713   0.35625587E-05   0.62914927E-16
  1714   0.35648217E-05   0.48500601E-16
  1715   0.35670850E-05   0.52651712E-16
  1716   0.35693486E-05   0.56099673E-16
  1717   0.35716124E-05   0.46733540E-16
  1718   0.35738766E-05   0.28359040E-16
  1719   0.35761410E-05   0.54336441E-16
  1720   0.35784058E-05   0.70602361E-16
  1721   0.35806708E-05   0.69812356E-16
  1722   0.35829361E-05   0.91167021E-16
  1723   0.35852017E-05   0.81824814E-16
  1724   0.35874675E-05   0.10543534E-15
  1725   0.35897337E-05   0.11774053E-15
  1726   0.35920001E-05   0.13181349E-15
  1727   0.35942668E-05   0.13493470E-15
  1728   0.35965337E-05   0.14488482E-15
  1729   0.35988010E-05   0.11824313E-15
  1730   0.36010685E-05   0.14791667E-15
  1731   0.36033362E-05   0.16482140E-15
  1732   0.36056043E-05   0.12519261E-15
  1733   0.36078726E-05   0.12529209E-15
  1734   0.36101412E-05   0.72374970E-16
  1735   0.36124100E-05   0.45376346E-16
  1736   0.36146791E-05   0.48902493E-16
  1737   0.36169485E-05   0.66804615E-16
  1738   0.36192181E-05   0.54337620E-16
  1739   0.36214880E-05   0.58215854E-16
  1740   0.36237582E-05   0.70195412E-16
  1741   0.36260286E-05   0.66619095E-16
  1742   0.36282993E-05   0.63128265E-16
  1743   0.36305702E-05   0.68339682E-16
  1744   0.36328414E-05   0.78659412E-16
  1745   0.36351129E-05   0.83826181E-16
  1746   0.36373846E-05   0.94036979E-16
  1747   0.36396566E-05   0.98072787E-16
  1748   0.36419288E-05   0.89848206E-16
  1749   0.36442014E-05   0.51335324E-16
  1750   0.36464741E-05   0.79379619E-16
  1751   0.36487472E-05   0.74051442E-16
  1752   0.36510205E-05   0.10481277E-15
  1753   0.36532940E-05   0.96780352E-16
  1754   0.36555679E-05   0.99646666E-16
  1755   0.36578419E-05   0.10418833E-15
  1756   0.36601163E-05   0.12051810E-15
  1757   0.36623909E-05   0.10635206E-15
  1758   0.36646658E-05   0.10192132E-15
  1759   0.36669409E-05   0.12642234E-15
  1760   0.36692163E-05   0.12104815E-15
  1761   0.36714920E-05   0.12968196E-15
  1762   0.36737679E-05   0.12325128E-15
  1763   0.36760441E-05   0.14687528E-15
  1764   0.36783205E-05   0.14084684E-15
  1765   0.36805972E-05   0.11575157E-15
  1766   0.36828742E-05   0.94819864E-16
  1767   0.36851515E-05   0.94629613E-16
  1768   0.36874290E-05   0.12161068E-15
  1769   0.36897067E-05   0.13612125E-15
  1770   0.36919848E-05   0.10804662E-15
  1771   0.36942631E-05   0.84903254E-16
  1772   0.36965417E-05   0.11264528E-15
  1773   0.36988205E-05   0.75028128E-16
  1774   0.37010996E-05   0.87499065E-16
  1775   0.37033790E-05   0.91736439E-16
  1776   0.37056586E-05   0.10788712E-15
  1777   0.37079385E-05   0.10474553E-15
  1778   0.37102187E-05   0.10241813E-15
  1779   0.37124991E-05   0.10739490E-15
  1780   0.37147799E-05   0.11839646E-15
  1781   0.37170608E-05   0.11172642E-15
  1782   0.37193421E-05   0.11010568E-15
  1783   0.37216236E-05   0.74869263E-16
  1784   0.37239054E-05   0.90464541E-16
  1785   0.37261875E-05   0.10064969E-15
  1786   0.37284698E-05   0.95295552E-16
  1787   0.37307524E-05   0.12790205E-15
  1788   0.37330353E-05   0.99607344E-16
  1789   0.37353184E-05   0.13125644E-15
  1790   0.37376018E-05   0.12727432E-15
  1791   0.37398855E-05   0.14774848E-15
  1792   0.37421695E-05   0.11222281E-15
  1793   0.37444537E-05   0.16221047E-15
  1794   0.37467382E-05   0.14098024E-15
  1795   0.37490230E-05   0.14491966E-15
  1796   0.37513080E-05   0.13802716E-15
  1797   0.37535934E-05   0.15088733E-15
  1798   0.37558790E-05   0.15030668E-15
  1799   0.37581648E-05   0.17726351E-15
  1800   0.37604510E-05   0.15628429E-15
  1801   0.37627374E-05   0.14810889E-15
  1802   0.37650241E-05   0.13299656E-15
  1803   0.37673110E-05   0.15148649E-15
  1804   0.37695983E-05   0.16416824E-15
  1805   0.37718858E-05   0.17882946E-15
  1806   0.37741736E-05   0.16027458E-15
  1807   0.37764617E-05   0.17946591E-15
  1808   0.37787500E-05   0.19584122E-15
  1809   0.37810386E-05   0.20306395E-15
  1810   0.37833275E-05   0.19994907E-15
  1811   0.37856167E-05   0.20700774E-15
  1812   0.37879061E-05   0.21630535E-15
  1813   0.37901958E-05   0.19744282E-15
  1814   0.37924858E-05   0.21707275E-15
  1815   0.37947761E-05   0.21394319E-15
  1816   0.37970666E-05   0.20713779E-15
  1817   0.37993575E-05   0.19511653E-15
  1818   0.38016486E-05   0.18665533E-15
  1819   0.38039399E-05   0.20143596E-15
  1820   0.38062316E-05   0.20427968E-15
  1821   0.38085235E-05   0.21585267E-15
  1822   0.38108157E-05   0.21442527E-15
  1823   0.38131082E-05   0.22145945E-15
  1824   0.38154009E-05   0.21126122E-15
  1825   0.38176940E-05   0.21233712E-15
  1826   0.38199873E-05   0.22366790E-15
  1827   0.38222809E-05   0.24322739E-15
  1828   0.38245747E-05   0.23206144E-15
  1829   0.38268689E-05   0.23818924E-15
  1830   0.38291633E-05   0.24692256E-15
  1831   0.38314580E-05   0.25645074E-15
  1832   0.38337529E-05   0.25341892E-15
  1833   0.38360482E-05   0.24299259E-15
  1834   0.38383437E-05   0.24689800E-15
  1835   0.38406395E-05   0.24861888E-15
  1836   0.38429356E-05   0.25508804E-15
  1837   0.38452319E-05   0.25808783E-15
  1838   0.38475285E-05   0.26039814E-15
  1839   0.38498254E-05   0.25819178E-15
  1840   0.38521226E-05   0.25716569E-15
  1841   0.38544201E-05   0.25851947E-15
  1842   0.38567178E-05   0.25586281E-15
  1843   0.38590158E-05   0.25811405E-15
  1844   0.38613141E-05   0.25836751E-15
  1845   0.38636126E-05   0.25837148E-15
  1846   0.38659114E-05   0.25769573E-15
  1847   0.38682105E-05   0.25725935E-15
  1848   0.38705099E-05   0.25772465E-15
  1849   0.38728096E-05   0.25746351E-15
  1850   0.38751095E-05   0.25725094E-15
  1851   0.38774097E-05   0.25650408E-15
  1852   0.38797101E-05   0.25714995E-15
  1853   0.38820109E-05   0.25686079E-15
  1854   0.38843119E-05   0.25821328E-15
  1855   0.38866132E-05   0.25691118E-15
  1856   0.38889148E-05   0.25561075E-15
  1857   0.38912166E-05   0.25439414E-15
  1858   0.38935187E-05   0.25822240E-15
  1859   0.38958211E-05   0.25630337E-15
  1860   0.38981237E-05   0.25623071E-15
  1861   0.39004266E-05   0.25350322E-15
  1862   0.39027298E-05   0.25240730E-15
  1863   0.39050333E-05   0.25123022E-15
  1864   0.39073370E-05   0.25002997E-15
  1865   0.39096410E-05   0.25224652E-15
  1866   0.39119453E-05   0.25796308E-15
  1867   0.39142498E-05   0.25236612E-15
  1868   0.39165546E-05   0.25106838E-15
  1869   0.39188597E-05   0.24971886E-15
  1870   0.39211650E-05   0.24922619E-15
  1871   0.39234707E-05   0.25127724E-15
  1872   0.39257765E-05   0.24983476E-15
  1873   0.39280827E-05   0.25185100E-15
  1874   0.39303891E-05   0.25037685E-15
  1875   0.39326958E-05   0.25189719E-15
  1876   0.39350027E-05   0.25166691E-15
  1877   0.39373099E-05   0.25185097E-15
  1878   0.39396174E-05   0.25243921E-15
  1879   0.39419251E-05   0.25127883E-15
  1880   0.39442332E-05   0.25183092E-15
  1881   0.39465414E-05   0.25344799E-15
  1882   0.39488500E-05   0.25396488E-15
  1883   0.39511587E-05   0.25489939E-15
  1884   0.39534678E-05   0.25647001E-15
  1885   0.39557771E-05   0.25591289E-15
  1886   0.39580867E-05   0.25490440E-15
  1887   0.39603965E-05   0.25503539E-15
  1888   0.39627066E-05   0.25547687E-15
  1889   0.39650170E-05   0.25612635E-15
  1890   0.39673276E-05   0.25590332E-15
  1891   0.39696385E-05   0.25502491E-15
  1892   0.39719496E-05   0.25565896E-15
  1893   0.39742610E-05   0.25260284E-15
  1894   0.39765727E-05   0.25214699E-15
  1895   0.39788846E-05   0.25212203E-15
  1896   0.39811967E-05   0.25253150E-15
  1897   0.39835092E-05   0.25250818E-15
  1898   0.39858218E-05   0.24988126E-15
  1899   0.39881348E-05   0.24899621E-15
  1900   0.39904479E-05   0.24811514E-15
  1901   0.39927614E-05   0.24723831E-15
  1902   0.39950751E-05   0.24898153E-15
  1903   0.39973890E-05   0.24984854E-15
  1904   0.39997032E-05   0.25072048E-15
  1905   0.40020176E-05   0.25163841E-15
  1906   0.40043323E-05   0.25252131E-15
  1907   0.40066472E-05   0.24561652E-15
  1908   0.40089624E-05   0.24567073E-15
  1909   0.40112778E-05   0.24741224E-15
  1910   0.40135935E-05   0.24745229E-15
  1911   0.40159094E-05   0.24587520E-15
  1912   0.40182256E-05   0.24595645E-15
  1913   0.40205420E-05   0.24775584E-15
  1914   0.40228587E-05   0.24701449E-15
  1915   0.40251756E-05   0.25059172E-15
  1916   0.40274927E-05   0.24550419E-15
  1917   0.40298101E-05   0.24571280E-15
  1918   0.40321277E-05   0.24501049E-15
  1919   0.40344456E-05   0.24429006E-15
  1920   0.40367637E-05   0.24385234E-15
  1921   0.40390820E-05   0.24475451E-15
  1922   0.40414006E-05   0.24421208E-15
  1923   0.40437194E-05   0.24466159E-15
  1924   0.40460384E-05   0.24490576E-15
  1925   0.40483577E-05   0.24614254E-15
  1926   0.40506772E-05   0.24682319E-15
  1927   0.40529970E-05   0.24631296E-15
  1928   0.40553169E-05   0.24709088E-15
  1929   0.40576371E-05   0.24626235E-15
  1930   0.40599576E-05   0.24754835E-15
  1931   0.40622782E-05   0.24853457E-15
  1932   0.40645991E-05   0.25149672E-15
  1933   0.40669202E-05   0.25361399E-15
  1934   0.40692415E-05   0.24705707E-15
  1935   0.40715631E-05   0.25463650E-15
  1936   0.40738849E-05   0.23970634E-15
  1937   0.40762069E-05   0.23489998E-15
  1938   0.40785291E-05   0.23715840E-15
  1939   0.40808515E-05   0.23239677E-15
  1940   0.40831742E-05   0.22681095E-15
  1941   0.40854971E-05   0.23166283E-15
  1942   0.40878201E-05   0.22667640E-15
  1943   0.40901434E-05   0.22678720E-15
  1944   0.40924669E-05   0.22212987E-15
  1945   0.40947907E-05   0.22107923E-15
  1946   0.40971146E-05   0.22913165E-15
  1947   0.40994387E-05   0.22326521E-15
  1948   0.41017631E-05   0.21344588E-15
  1949   0.41040876E-05   0.23148539E-15
  1950   0.41064124E-05   0.22859054E-15
  1951   0.41087374E-05   0.24420340E-15
  1952   0.41110625E-05   0.23990522E-15
  1953   0.41133879E-05   0.23379580E-15
  1954   0.41157134E-05   0.23395593E-15
  1955   0.41180392E-05   0.21299515E-15
  1956   0.41203651E-05   0.22650713E-15
  1957   0.41226913E-05   0.24252055E-15
  1958   0.41250176E-05   0.23892474E-15
  1959   0.41273441E-05   0.24443734E-15
  1960   0.41296708E-05   0.23185788E-15
  1961   0.41319977E-05   0.26915259E-15
  1962   0.41343248E-05   0.26103413E-15
  1963   0.41366521E-05   0.24855211E-15
  1964   0.41389795E-05   0.26210538E-15
  1965   0.41413072E-05   0.22632801E-15
  1966   0.41436350E-05   0.25527068E-15
  1967   0.41459629E-05   0.25802964E-15
  1968   0.41482911E-05   0.24170777E-15
  1969   0.41506194E-05   0.24771490E-15
  1970   0.41529479E-05   0.23962914E-15
  1971   0.41552766E-05   0.25106318E-15
  1972   0.41576054E-05   0.24970694E-15
  1973   0.41599344E-05   0.26356618E-15
  1974   0.41622636E-05   0.27698664E-15
  1975   0.41645929E-05   0.25897389E-15
  1976   0.41669224E-05   0.24489785E-15
  1977   0.41692520E-05   0.25599302E-15
  1978   0.41715818E-05   0.24582818E-15
  1979   0.41739118E-05   0.22160479E-15
  1980   0.41762419E-05   0.25874687E-15
  1981   0.41785721E-05   0.24852585E-15
  1982   0.41809025E-05   0.26753202E-15
  1983   0.41832330E-05   0.26993734E-15
  1984   0.41855637E-05   0.29028185E-15
  1985   0.41878945E-05   0.26495992E-15
  1986   0.41902255E-05   0.24714595E-15
  1987   0.41925566E-05   0.22950500E-15
  1988   0.41948878E-05   0.21842561E-15
  1989   0.41972191E-05   0.19303179E-15
  1990   0.41995506E-05   0.21670936E-15
  1991   0.42018822E-05   0.26976044E-15
  1992   0.42042139E-05   0.26620408E-15
  1993   0.42065458E-05   0.28249903E-15
  1994   0.42088777E-05   0.27775726E-15
  1995   0.42112098E-05   0.31173250E-15
  1996   0.42135420E-05   0.28837602E-15
  1997   0.42158743E-05   0.29266986E-15
  1998   0.42182067E-05   0.28080674E-15
  1999   0.42205392E-05   0.30234948E-15
  2000   0.42228719E-05   0.31773487E-15
  2001   0.42252046E-05   0.30634080E-15
  2002   0.42275374E-05   0.30237475E-15
  2003   0.42298703E-05   0.31291880E-15
  2004   0.42322033E-05   0.34192343E-15
  2005   0.42345364E-05   0.35801977E-15
  2006   0.42368696E-05   0.35563331E-15
  2007   0.42392029E-05   0.38406960E-15
  2008   0.42415362E-05   0.35344736E-15
  2009   0.42438696E-05   0.29693183E-15
  2010   0.42462031E-05   0.30583296E-15
  2011   0.42485367E-05   0.29180120E-15
  2012   0.42508704E-05   0.27700246E-15
  2013   0.42532041E-05   0.32433276E-15
  2014   0.42555379E-05   0.28558705E-15
  2015   0.42578717E-05   0.32469992E-15
  2016   0.42602056E-05   0.31637837E-15
  2017   0.42625395E-05   0.30945469E-15
  2018   0.42648735E-05   0.29969502E-15
  2019   0.42672076E-05   0.26258234E-15
  2020   0.42695417E-05   0.31300827E-15
  2021   0.42718758E-05   0.31552070E-15
  2022   0.42742100E-05   0.34709128E-15
  2023   0.42765442E-05   0.34150343E-15
  2024   0.42788785E-05   0.33508047E-15
  2025   0.42812127E-05   0.31388241E-15
  2026   0.42835470E-05   0.33924675E-15
  2027   0.42858814E-05   0.34209868E-15
  2028   0.42882157E-05   0.35038407E-15
  2029   0.42905500E-05   0.38983378E-15
  2030   0.42928844E-05   0.32146569E-15
  2031   0.42952188E-05   0.30264806E-15
  2032   0.42975531E-05   0.33984473E-15
  2033   0.42998875E-05   0.30773696E-15
  2034   0.43022218E-05   0.31113172E-15
  2035   0.43045562E-05   0.30888854E-15
  2036   0.43068905E-05   0.27272584E-15
  2037   0.43092248E-05   0.29465990E-15
  2038   0.43115591E-05   0.28103123E-15
  2039   0.43138933E-05   0.29621470E-15
  2040   0.43162276E-05   0.28362356E-15
  2041   0.43185617E-05   0.28991081E-15
  2042   0.43208958E-05   0.31806542E-15
  2043   0.43232299E-05   0.32222275E-15
  2044   0.43255639E-05   0.30878593E-15
  2045   0.43278979E-05   0.32880044E-15
  2046   0.43302317E-05   0.31748546E-15
  2047   0.43325655E-05   0.31363228E-15
  2048   0.43348992E-05   0.32556514E-15
