   1   0.41118495E+00
   2   0.10934817E+01
   3   0.15889046E+01
   4   0.20101644E+01
   5   0.23880699E+01
   6   0.27373029E+01
   7   0.30648032E+01
   8   0.33754305E+01
   9   0.36721003E+01
  10   0.39571408E+01
  11   0.42321327E+01
  12   0.44984124E+01
  13   0.47569608E+01
  14   0.50086325E+01
  15   0.52540895E+01
  16   0.54939196E+01
  17   0.57285964E+01
  18   0.59585456E+01
  19   0.61841208E+01
  20   0.64056429E+01
  21   0.66233848E+01
  22   0.68375957E+01
  23   0.70484919E+01
  24   0.72562718E+01
  25   0.74611105E+01
  26   0.76631693E+01
  27   0.78625922E+01
  28   0.80595129E+01
  29   0.82540516E+01
  30   0.84463204E+01
  31   0.86364212E+01
  32   0.88244491E+01
  33   0.90104915E+01
  34   0.91946299E+01
  35   0.93769399E+01
  36   0.95574922E+01
  37   0.97363526E+01
  38   0.99135829E+01
  39   0.10089241E+02
  40   0.10263381E+02
  41   0.10436055E+02
  42   0.10607310E+02
  43   0.10777192E+02
  44   0.10945745E+02
  45   0.11113008E+02
  46   0.11279020E+02
  47   0.11443819E+02
  48   0.11607438E+02
  49   0.11769911E+02
  50   0.11931270E+02
  51   0.12091544E+02
  52   0.12250761E+02
  53   0.12408950E+02
  54   0.12566136E+02
  55   0.12722345E+02
  56   0.12877599E+02
  57   0.13031923E+02
  58   0.13185337E+02
  59   0.13337864E+02
  60   0.13489523E+02
  61   0.13640333E+02
  62   0.13790314E+02
  63   0.13939484E+02
  64   0.14087860E+02
  65   0.14235461E+02
  66   0.14382308E+02
  67   0.14528427E+02
  68   0.14673863E+02
  69   0.14818691E+02
  70   0.14963048E+02
  71   0.15107169E+02
  72   0.15251429E+02
  73   0.15396361E+02
  74   0.15542629E+02
  75   0.15690952E+02
  76   0.15842006E+02
  77   0.15996327E+02
  78   0.16154283E+02
  79   0.16316069E+02
  80   0.16481762E+02
  81   0.16651341E+02
  82   0.16824750E+02
  83   0.17001899E+02
  84   0.17182703E+02
  85   0.17367062E+02
  86   0.17554904E+02
  87   0.17746137E+02
  88   0.17940706E+02
  89   0.18138533E+02
  90   0.18339579E+02
  91   0.18543775E+02
  92   0.18751096E+02
  93   0.18961483E+02
  94   0.19174919E+02
  95   0.19391350E+02
  96   0.19610771E+02
  97   0.19833131E+02
  98   0.20058430E+02
  99   0.20286621E+02
 100   0.20517711E+02
 101   0.20751655E+02
 102   0.20988464E+02
 103   0.21228094E+02
 104   0.21470561E+02
 105   0.21715822E+02
 106   0.21963897E+02
 107   0.22214742E+02
 108   0.22468383E+02
 109   0.22724774E+02
 110   0.22983945E+02
 111   0.23245849E+02
 112   0.23510519E+02
 113   0.23777910E+02
 114   0.24048056E+02
 115   0.24320909E+02
 116   0.24596509E+02
 117   0.24874807E+02
 118   0.25155845E+02
 119   0.25439571E+02
 120   0.25726033E+02
 121   0.26015176E+02
 122   0.26307050E+02
 123   0.26601600E+02
 124   0.26898879E+02
 125   0.27198828E+02
 126   0.27501504E+02
 127   0.27806848E+02
 128   0.28114918E+02
 129   0.28425652E+02
 130   0.28739113E+02
 131   0.29055236E+02
 132   0.29374088E+02
 133   0.29695600E+02
 134   0.30019842E+02
 135   0.30346744E+02
 136   0.30676379E+02
 137   0.31008674E+02
 138   0.31343706E+02
 139   0.31681397E+02
 140   0.32021829E+02
 141   0.32364922E+02
 142   0.32710760E+02
 143   0.33059260E+02
 144   0.33410510E+02
 145   0.33764426E+02
 146   0.34121095E+02
 147   0.34480433E+02
 148   0.34842531E+02
 149   0.35207299E+02
 150   0.35574834E+02
 151   0.35945043E+02
 152   0.36318025E+02
 153   0.36693685E+02
 154   0.37072125E+02
 155   0.37453246E+02
 156   0.37837156E+02
 157   0.38223750E+02
 158   0.38613142E+02
 159   0.39005222E+02
 160   0.39400107E+02
 161   0.39797686E+02
 162   0.40198079E+02
 163   0.40601171E+02
 164   0.41007086E+02
 165   0.41415704E+02
 166   0.41827155E+02
 167   0.42241315E+02
 168   0.42658318E+02
 169   0.43078036E+02
 170   0.43500605E+02
 171   0.43925896E+02
 172   0.44354050E+02
 173   0.44784931E+02
 174   0.45218685E+02
 175   0.45655173E+02
 176   0.46094546E+02
 177   0.46536659E+02
 178   0.46981667E+02
 179   0.47429424E+02
 180   0.47880087E+02
 181   0.48333505E+02
 182   0.48789843E+02
 183   0.49248942E+02
 184   0.49710973E+02
 185   0.50175774E+02
 186   0.50643518E+02
 187   0.51114041E+02
 188   0.51587520E+02
 189   0.52063784E+02
 190   0.52543019E+02
 191   0.53025048E+02
 192   0.53510060E+02
 193   0.53997874E+02
 194   0.54488686E+02
 195   0.54982309E+02
 196   0.55478943E+02
 197   0.55978398E+02
 198   0.56480878E+02
 199   0.56986187E+02
 200   0.57494537E+02
 201   0.58005725E+02
 202   0.58519969E+02
 203   0.59037061E+02
 204   0.59557224E+02
 205   0.60080244E+02
 206   0.60606352E+02
 207   0.61135327E+02
 208   0.61667405E+02
 209   0.62202361E+02
 210   0.62740437E+02
 211   0.63281400E+02
 212   0.63825500E+02
 213   0.64372499E+02
 214   0.64922651E+02
 215   0.65475712E+02
 216   0.66031945E+02
 217   0.66591098E+02
 218   0.67153440E+02
 219   0.67718713E+02
 220   0.68287194E+02
 221   0.68858618E+02
 222   0.69433268E+02
 223   0.70010873E+02
 224   0.70591723E+02
 225   0.71175539E+02
 226   0.71762620E+02
 227   0.72352680E+02
 228   0.72946023E+02
 229   0.73542359E+02
 230   0.74141998E+02
 231   0.74744642E+02
 232   0.75350610E+02
 233   0.75959596E+02
 234   0.76571927E+02
 235   0.77187289E+02
 236   0.77806018E+02
 237   0.78427791E+02
 238   0.79052952E+02
 239   0.79681172E+02
 240   0.80312803E+02
 241   0.80947505E+02
 242   0.81585641E+02
 243   0.82226864E+02
 244   0.82871543E+02
 245   0.83519323E+02
 246   0.84170584E+02
 247   0.84824961E+02
 248   0.85482842E+02
 249   0.86143854E+02
 250   0.86808395E+02
 251   0.87476083E+02
 252   0.88147325E+02
 253   0.88821730E+02
 254   0.89499714E+02
 255   0.90180877E+02
 256   0.90865646E+02
 257   0.91553609E+02
 258   0.92245206E+02
 259   0.92940013E+02
 260   0.93638481E+02
 261   0.94340178E+02
 262   0.95045562E+02
 263   0.95754192E+02
 264   0.96466539E+02
 265   0.97182149E+02
 266   0.97901505E+02
 267   0.98624142E+02
 268   0.99350555E+02
 269   0.10008027E+03
 270   0.10081378E+03
 271   0.10155062E+03
 272   0.10229129E+03
 273   0.10303530E+03
 274   0.10378318E+03
 275   0.10453442E+03
 276   0.10528956E+03
 277   0.10604807E+03
 278   0.10681052E+03
 279   0.10757636E+03
 280   0.10834617E+03
 281   0.10911940E+03
 282   0.10989663E+03
 283   0.11067731E+03
 284   0.11146201E+03
 285   0.11225018E+03
 286   0.11304242E+03
 287   0.11383815E+03
 288   0.11463798E+03
 289   0.11544132E+03
 290   0.11624881E+03
 291   0.11705982E+03
 292   0.11787502E+03
 293   0.11869377E+03
 294   0.11951675E+03
 295   0.12034330E+03
 296   0.12117412E+03
 297   0.12200854E+03
 298   0.12284727E+03
 299   0.12368962E+03
 300   0.12453631E+03
 301   0.12538666E+03
 302   0.12624140E+03
 303   0.12709982E+03
 304   0.12796267E+03
 305   0.12882923E+03
 306   0.12970027E+03
 307   0.13057504E+03
 308   0.13145433E+03
 309   0.13233739E+03
 310   0.13322501E+03
 311   0.13411643E+03
 312   0.13501247E+03
 313   0.13591232E+03
 314   0.13681685E+03
 315   0.13772522E+03
 316   0.13863832E+03
 317   0.13955529E+03
 318   0.14047704E+03
 319   0.14140269E+03
 320   0.14233318E+03
 321   0.14326760E+03
 322   0.14420691E+03
 323   0.14515019E+03
 324   0.14609841E+03
 325   0.14705064E+03
 326   0.14800786E+03
 327   0.14896912E+03
 328   0.14993544E+03
 329   0.15090584E+03
 330   0.15188135E+03
 331   0.15286098E+03
 332   0.15384578E+03
 333   0.15483473E+03
 334   0.15582892E+03
 335   0.15682730E+03
 336   0.15783099E+03
 337   0.15883891E+03
 338   0.15985220E+03
 339   0.16086975E+03
 340   0.16189275E+03
 341   0.16292006E+03
 342   0.16395288E+03
 343   0.16499006E+03
 344   0.16603281E+03
 345   0.16707997E+03
 346   0.16813278E+03
 347   0.16919003E+03
 348   0.17025302E+03
 349   0.17132050E+03
 350   0.17239379E+03
 351   0.17347161E+03
 352   0.17455534E+03
 353   0.17564364E+03
 354   0.17673792E+03
 355   0.17783684E+03
 356   0.17894182E+03
 357   0.18005149E+03
 358   0.18116731E+03
 359   0.18228787E+03
 360   0.18341468E+03
 361   0.18454627E+03
 362   0.18568421E+03
 363   0.18682699E+03
 364   0.18797621E+03
 365   0.18913034E+03
 366   0.19029101E+03
 367   0.19145663E+03
 368   0.19262891E+03
 369   0.19380621E+03
 370   0.19499026E+03
 371   0.19617939E+03
 372   0.19737539E+03
 373   0.19857654E+03
 374   0.19978467E+03
 375   0.20099801E+03
 376   0.20221845E+03
 377   0.20344417E+03
 378   0.20467712E+03
 379   0.20591542E+03
 380   0.20716108E+03
 381   0.20841216E+03
 382   0.20967072E+03
 383   0.21093478E+03
 384   0.21220647E+03
 385   0.21348373E+03
 386   0.21476876E+03
 387   0.21605945E+03
 388   0.21735804E+03
 389   0.21866238E+03
 390   0.21997479E+03
 391   0.22129302E+03
 392   0.22261948E+03
 393   0.22395185E+03
 394   0.22529262E+03
 395   0.22663939E+03
 396   0.22799473E+03
 397   0.22935617E+03
 398   0.23072636E+03
 399   0.23210275E+03
 400   0.23348806E+03
 401   0.23487969E+03
 402   0.23628044E+03
 403   0.23768760E+03
 404   0.23910409E+03
 405   0.24052711E+03
 406   0.24195966E+03
 407   0.24339887E+03
 408   0.24484782E+03
 409   0.24630355E+03
 410   0.24776925E+03
 411   0.24924186E+03
 412   0.25072469E+03
 413   0.25221455E+03
 414   0.25371488E+03
 415   0.25522239E+03
 416   0.25674064E+03
 417   0.25826620E+03
 418   0.25980277E+03
 419   0.26134682E+03
 420   0.26290216E+03
 421   0.26446514E+03
 422   0.26603973E+03
 423   0.26762211E+03
 424   0.26921642E+03
 425   0.27081871E+03
 426   0.27243325E+03
 427   0.27405596E+03
 428   0.27569129E+03
 429   0.27733497E+03
 430   0.27899165E+03
 431   0.28065688E+03
 432   0.28233551E+03
 433   0.28402291E+03
 434   0.28572413E+03
 435   0.28743435E+03
 436   0.28915882E+03
 437   0.29089254E+03
 438   0.29264099E+03
 439   0.29439894E+03
 440   0.29617213E+03
 441   0.29795508E+03
 442   0.29975381E+03
 443   0.30156259E+03
 444   0.30338771E+03
 445   0.30522320E+03
 446   0.30707564E+03
 447   0.30893877E+03
 448   0.31081950E+03
 449   0.31271128E+03
 450   0.31462136E+03
 451   0.31654286E+03
 452   0.31848342E+03
 453   0.32043580E+03
 454   0.32240805E+03
 455   0.32439255E+03
 456   0.32639781E+03
 457   0.32841578E+03
 458   0.33045546E+03
 459   0.33250836E+03
 460   0.33458400E+03
 461   0.33667341E+03
 462   0.33878669E+03
 463   0.34091433E+03
 464   0.34306708E+03
 465   0.34523484E+03
 466   0.34742907E+03
 467   0.34963901E+03
 468   0.35187693E+03
 469   0.35413133E+03
 470   0.35641537E+03
 471   0.35871676E+03
 472   0.36104962E+03
 473   0.36340080E+03
 474   0.36578551E+03
 475   0.36818961E+03
 476   0.37062956E+03
 477   0.37309009E+03
 478   0.37558909E+03
 479   0.37811004E+03
 480   0.38067245E+03
 481   0.38325835E+03
 482   0.38588913E+03
 483   0.38854518E+03
 484   0.39125010E+03
 485   0.39398232E+03
 486   0.39676806E+03
 487   0.39958352E+03
 488   0.40245800E+03
 489   0.40536504E+03
 490   0.40833769E+03
 491   0.41134635E+03
 492   0.41442866E+03
 493   0.41755115E+03
 494   0.42075724E+03
 495   0.42400881E+03
 496   0.42735660E+03
 497   0.43075652E+03
 498   0.43426909E+03
 499   0.43784284E+03
 500   0.44155136E+03
 501   0.44533319E+03
 502   0.44928081E+03
 503   0.45332039E+03
 504   0.45757199E+03
 505   0.46194368E+03
 506   0.46660154E+03
 507   0.47143537E+03
 508   0.47669305E+03
 509   0.48223790E+03
 510   0.48852214E+03
 511   0.49555266E+03
 512   0.50525116E+03
