   1   0.00000000E+00   0.00000000E+00
   2  -0.19998000E-03  -0.34051097E-18
   3  -0.79984002E-03   0.69752977E-18
   4  -0.17993401E-02   0.91912465E-18
   5  -0.31980806E-02  -0.29832507E-17
   6  -0.49955020E-02   0.24925863E-17
   7  -0.71908853E-02   0.20328646E-17
   8  -0.97833526E-02   0.23263792E-17
   9  -0.12771867E-01   0.76989108E-18
  10  -0.16155233E-01   0.65305409E-17
  11  -0.19932098E-01  -0.58330471E-17
  12  -0.24100950E-01   0.55248114E-18
  13  -0.28660124E-01   0.25438506E-17
  14  -0.33607794E-01   0.33784796E-17
  15  -0.38941983E-01   0.12975264E-16
  16  -0.44660556E-01  -0.72035530E-18
  17  -0.50761227E-01  -0.22326417E-17
  18  -0.57241555E-01   0.69012529E-17
  19  -0.64098949E-01   0.99719650E-17
  20  -0.71330666E-01   0.94405605E-17
  21  -0.78933814E-01  -0.79722006E-17
  22  -0.86905351E-01   0.10306142E-16
  23  -0.95242090E-01  -0.40038048E-17
  24  -0.10394070E+00  -0.77394711E-17
  25  -0.11299769E+00  -0.40511996E-17
  26  -0.12240945E+00   0.77157381E-17
  27  -0.13217221E+00   0.18098990E-17
  28  -0.14228206E+00   0.80124147E-18
  29  -0.15273497E+00  -0.75813527E-17
  30  -0.16352676E+00  -0.30090949E-17
  31  -0.17465309E+00   0.95327444E-17
  32  -0.18610954E+00  -0.42282784E-17
  33  -0.19789150E+00  -0.93264942E-17
  34  -0.20999428E+00  -0.63757461E-17
  35  -0.22241303E+00  -0.16930312E-16
  36  -0.23514278E+00   0.75554738E-17
  37  -0.24817845E+00   0.13686888E-16
  38  -0.26151481E+00   0.20373812E-17
  39  -0.27514654E+00   0.16098648E-16
  40  -0.28906818E+00   0.19584239E-16
  41  -0.30327416E+00  -0.55686126E-17
  42  -0.31775881E+00  -0.58120359E-17
  43  -0.33251633E+00  -0.64434539E-17
  44  -0.34754081E+00   0.13884731E-16
  45  -0.36282625E+00   0.35531543E-18
  46  -0.37836653E+00   0.15601247E-16
  47  -0.39415545E+00  -0.68004090E-17
  48  -0.41018667E+00   0.12338364E-16
  49  -0.42645380E+00   0.47925521E-17
  50  -0.44295033E+00  -0.12761888E-16
  51  -0.45966965E+00  -0.18445118E-17
  52  -0.47660508E+00   0.21400254E-17
  53  -0.49374985E+00  -0.29645491E-18
  54  -0.51109710E+00  -0.69353205E-17
  55  -0.52863989E+00   0.53586282E-17
  56  -0.54637120E+00  -0.54395993E-17
  57  -0.56428395E+00   0.34372729E-17
  58  -0.58237097E+00  -0.17549332E-17
  59  -0.60062502E+00  -0.15113450E-17
  60  -0.61903881E+00  -0.59509094E-17
  61  -0.63760496E+00   0.35850934E-17
  62  -0.65631606E+00  -0.97276440E-19
  63  -0.67516462E+00  -0.34069253E-17
  64  -0.69414310E+00  -0.54970321E-17
  65  -0.71324391E+00   0.20644311E-17
  66  -0.73245941E+00  -0.79606274E-17
  67  -0.75178192E+00  -0.89954899E-18
  68  -0.77120370E+00   0.33466272E-17
  69  -0.79071699E+00   0.18401791E-18
  70  -0.81031399E+00  -0.34300599E-17
  71  -0.82998685E+00   0.75640042E-18
  72  -0.84972771E+00  -0.63993339E-18
  73  -0.86952867E+00   0.23037179E-17
  74  -0.88938182E+00  -0.19608813E-17
  75  -0.90927920E+00  -0.17232885E-17
  76  -0.92921287E+00  -0.39937603E-18
  77  -0.94917484E+00   0.25029824E-17
  78  -0.96915714E+00   0.17690283E-17
  79  -0.98915178E+00   0.59885229E-18
  80  -0.10091507E+01   0.30484716E-17
  81  -0.10291461E+01  -0.43113977E-18
  82  -0.10491297E+01   0.68423321E-17
  83  -0.10690937E+01  -0.41081098E-18
  84  -0.10890300E+01  -0.52710860E-17
  85  -0.11089307E+01  -0.69287295E-17
  86  -0.11287879E+01   0.60732262E-17
  87  -0.11485935E+01  -0.65119893E-17
  88  -0.11683397E+01   0.13027367E-17
  89  -0.11880185E+01   0.21006417E-18
  90  -0.12076222E+01  -0.61240482E-17
  91  -0.12271427E+01  -0.91072982E-17
  92  -0.12465724E+01  -0.56920614E-17
  93  -0.12659035E+01   0.19583402E-17
  94  -0.12851282E+01  -0.10628569E-16
  95  -0.13042388E+01  -0.35168808E-17
  96  -0.13232277E+01  -0.35981960E-17
  97  -0.13420872E+01   0.34118487E-17
  98  -0.13608100E+01   0.34965520E-17
  99  -0.13793883E+01   0.50821977E-19
 100  -0.13978149E+01   0.45062153E-17
 101  -0.14160823E+01   0.10164395E-17
 102  -0.14341832E+01  -0.37540500E-17
 103  -0.14521104E+01   0.23987973E-17
 104  -0.14698568E+01  -0.13552527E-18
 105  -0.14874151E+01   0.73183647E-18
 106  -0.15047784E+01   0.33542505E-17
 107  -0.15219397E+01  -0.21074180E-17
 108  -0.15388921E+01   0.90801932E-18
 109  -0.15556289E+01  -0.10909784E-17
 110  -0.15721434E+01   0.44384526E-17
 111  -0.15884289E+01   0.36524061E-17
 112  -0.16044789E+01   0.37947076E-18
 113  -0.16202871E+01   0.82670416E-18
 114  -0.16358470E+01  -0.37676025E-17
 115  -0.16511524E+01  -0.13010426E-17
 116  -0.16661972E+01   0.40657581E-19
 117  -0.16809754E+01  -0.47975946E-17
 118  -0.16954810E+01   0.86736174E-18
 119  -0.17097083E+01  -0.33881318E-18
 120  -0.17236515E+01  -0.94867690E-19
 121  -0.17373050E+01  -0.46078592E-18
 122  -0.17506635E+01  -0.43368087E-18
 123  -0.17637214E+01   0.55565361E-18
 124  -0.17764737E+01  -0.42012834E-18
 125  -0.17889151E+01  -0.10842022E-18
 126  -0.18010407E+01  -0.94867690E-19
 127  -0.18128457E+01   0.10842022E-18
 128  -0.18243252E+01   0.74538899E-18
 129  -0.18354747E+01  -0.33881318E-18
 130  -0.18462898E+01   0.94867690E-19
 131  -0.18567661E+01   0.94867690E-19
 132  -0.18668993E+01   0.56242988E-18
 133  -0.18766855E+01   0.80637537E-18
 134  -0.18861206E+01  -0.10842022E-18
 135  -0.18952010E+01  -0.54210109E-19
 136  -0.19039230E+01   0.47433845E-18
 137  -0.19122831E+01   0.90801932E-18
 138  -0.19202779E+01  -0.92834811E-18
 139  -0.19279042E+01  -0.16263033E-18
 140  -0.19351590E+01   0.84025668E-18
 141  -0.19420393E+01  -0.12874901E-18
 142  -0.19485425E+01   0.23039296E-18
 143  -0.19546658E+01   0.29815560E-18
 144  -0.19604069E+01   0.33881318E-20
 145  -0.19657634E+01   0.67762636E-20
 146  -0.19707333E+01   0.74538899E-19
 147  -0.19753144E+01  -0.21514637E-18
 148  -0.19795050E+01  -0.10842022E-18
 149  -0.19833034E+01  -0.43283384E-18
 150  -0.19867081E+01   0.40149362E-18
 151  -0.19897177E+01   0.10079692E-18
 152  -0.19923310E+01   0.14399560E-19
 153  -0.19945469E+01   0.33203692E-18
 154  -0.19963647E+01  -0.21006417E-18
 155  -0.19977835E+01   0.10164395E-19
 156  -0.19988027E+01   0.20328791E-19
 157  -0.19994221E+01  -0.74538899E-19
 158  -0.19996413E+01   0.11858461E-18
 159  -0.19994602E+01   0.67762636E-19
 160  -0.19988790E+01  -0.27105054E-19
 161  -0.19978979E+01  -0.67762636E-20
 162  -0.19965172E+01   0.00000000E+00
 163  -0.19947376E+01   0.47433845E-19
 164  -0.19925597E+01  -0.67762636E-19
 165  -0.19899844E+01   0.81315163E-19
 166  -0.19870128E+01   0.67762636E-20
 167  -0.19836460E+01  -0.91479558E-18
 168  -0.19798855E+01  -0.26427428E-18
 169  -0.19757326E+01   0.23039296E-18
 170  -0.19711892E+01  -0.74538899E-19
 171  -0.19662570E+01  -0.16263033E-18
 172  -0.19609380E+01  -0.40657581E-19
 173  -0.19552343E+01   0.25072175E-18
 174  -0.19491482E+01   0.47433845E-19
 175  -0.19426822E+01  -0.44723340E-18
 176  -0.19358389E+01  -0.95545316E-18
 177  -0.19286210E+01  -0.98255822E-18
 178  -0.19210314E+01   0.37269450E-18
 179  -0.19130731E+01   0.87413800E-18
 180  -0.19047494E+01  -0.86736174E-18
 181  -0.18960636E+01   0.00000000E+00
 182  -0.18870192E+01  -0.78604658E-18
 183  -0.18776197E+01  -0.10842022E-18
 184  -0.18678690E+01   0.47433845E-19
 185  -0.18577710E+01  -0.36591823E-18
 186  -0.18473297E+01  -0.54887735E-18
 187  -0.18365493E+01  -0.60986372E-19
 188  -0.18254341E+01   0.49466724E-18
 189  -0.18139886E+01   0.10842022E-18
 190  -0.18022174E+01  -0.67762636E-19
 191  -0.17901252E+01  -0.54210109E-19
 192  -0.17777167E+01  -0.40657581E-18
 193  -0.17649971E+01   0.42690461E-18
 194  -0.17519714E+01  -0.88091427E-19
 195  -0.17386447E+01  -0.12739376E-17
 196  -0.17250226E+01   0.17889336E-17
 197  -0.17111103E+01   0.38624702E-18
 198  -0.16969135E+01  -0.20125503E-17
 199  -0.16824378E+01   0.47433845E-19
 200  -0.16676891E+01  -0.21074180E-17
 201  -0.16526732E+01   0.35372096E-17
 202  -0.16373963E+01  -0.47433845E-18
 203  -0.16218643E+01  -0.20870892E-17
 204  -0.16060834E+01   0.21684043E-18
 205  -0.15900602E+01   0.17482760E-17
 206  -0.15738008E+01   0.42893748E-17
 207  -0.15573119E+01   0.18634725E-18
 208  -0.15406000E+01  -0.27105054E-19
 209  -0.15236718E+01  -0.12841019E-17
 210  -0.15065342E+01   0.33237573E-17
 211  -0.14891939E+01  -0.33779674E-17
 212  -0.14716578E+01  -0.32966522E-17
 213  -0.14539331E+01  -0.30018848E-17
 214  -0.14360268E+01   0.61663999E-18
 215  -0.14179461E+01  -0.30493186E-19
 216  -0.13996982E+01   0.33779674E-17
 217  -0.13812904E+01  -0.35304333E-17
 218  -0.13627300E+01  -0.45214619E-17
 219  -0.13440246E+01  -0.86736174E-18
 220  -0.13251815E+01  -0.28172316E-17
 221  -0.13062083E+01   0.13095129E-17
 222  -0.12871127E+01   0.14213213E-17
 223  -0.12679022E+01   0.23344228E-17
 224  -0.12485845E+01   0.15991982E-17
 225  -0.12291674E+01  -0.66407383E-17
 226  -0.12096586E+01  -0.56242988E-17
 227  -0.11900659E+01   0.12366681E-17
 228  -0.11703973E+01   0.12476795E-17
 229  -0.11506604E+01  -0.10037340E-17
 230  -0.11308633E+01  -0.64764139E-17
 231  -0.11110138E+01   0.20896303E-17
 232  -0.10911199E+01   0.67559348E-17
 233  -0.10711896E+01  -0.73505519E-17
 234  -0.10512308E+01   0.52109467E-17
 235  -0.10312515E+01   0.70451965E-17
 236  -0.10112597E+01  -0.61248952E-17
 237  -0.99126335E+00  -0.65230007E-17
 238  -0.97127052E+00  -0.29480982E-17
 239  -0.95128917E+00   0.34622472E-17
 240  -0.93132730E+00   0.45849893E-17
 241  -0.91139290E+00   0.23886329E-17
 242  -0.89149394E+00  -0.19490228E-17
 243  -0.87163836E+00  -0.24455959E-17
 244  -0.85183413E+00  -0.16688667E-17
 245  -0.83208915E+00   0.39331975E-17
 246  -0.81241133E+00   0.34482711E-17
 247  -0.79280854E+00  -0.34810937E-17
 248  -0.77328861E+00  -0.76052971E-18
 249  -0.75385936E+00  -0.12158099E-17
 250  -0.73452855E+00   0.41706844E-17
 251  -0.71530392E+00   0.30066493E-17
 252  -0.69619316E+00  -0.18330852E-17
 253  -0.67720390E+00   0.39604614E-17
 254  -0.65834375E+00  -0.19667576E-17
 255  -0.63962025E+00   0.12524441E-17
 256  -0.62104089E+00   0.37242980E-18
 257  -0.60261309E+00  -0.30233782E-18
 258  -0.58434423E+00   0.99387670E-17
 259  -0.56624161E+00   0.65379297E-17
 260  -0.54831248E+00  -0.54216197E-17
 261  -0.53056401E+00   0.78513337E-18
 262  -0.51300329E+00   0.77966339E-17
 263  -0.49563735E+00  -0.54764651E-17
 264  -0.47847314E+00  -0.42310487E-17
 265  -0.46151751E+00  -0.78876237E-17
 266  -0.44477726E+00  -0.15627976E-16
 267  -0.42825907E+00  -0.12678574E-16
 268  -0.41196956E+00   0.11100731E-16
 269  -0.39591523E+00   0.12634489E-16
 270  -0.38010251E+00  -0.14959594E-17
 271  -0.36453773E+00   0.44500464E-17
 272  -0.34922710E+00  -0.36008926E-17
 273  -0.33417676E+00   0.66902782E-17
 274  -0.31939272E+00   0.69765008E-17
 275  -0.30488090E+00  -0.52346595E-18
 276  -0.29064709E+00  -0.55816725E-17
 277  -0.27669700E+00  -0.11957783E-16
 278  -0.26303620E+00  -0.10148955E-16
 279  -0.24967015E+00   0.15651174E-16
 280  -0.23660421E+00  -0.48535219E-17
 281  -0.22384359E+00   0.10572205E-16
 282  -0.21139341E+00   0.52520609E-17
 283  -0.19925863E+00   0.54399632E-17
 284  -0.18744412E+00  -0.77415503E-17
 285  -0.17595460E+00   0.66562694E-17
 286  -0.16479466E+00   0.18337403E-17
 287  -0.15396877E+00   0.61876683E-17
 288  -0.14348126E+00   0.51847019E-17
 289  -0.13333632E+00   0.14197463E-17
 290  -0.12353801E+00   0.76742509E-17
 291  -0.11409026E+00  -0.99648926E-17
 292  -0.10499682E+00  -0.56299368E-17
 293  -0.96261359E-01  -0.12965692E-16
 294  -0.87887352E-01   0.24696304E-18
 295  -0.79878153E-01   0.73272056E-17
 296  -0.72236965E-01  -0.52138054E-17
 297  -0.64966845E-01  -0.10408182E-16
 298  -0.58070699E-01   0.94547935E-17
 299  -0.51551287E-01   0.10560172E-16
 300  -0.45411216E-01  -0.68793898E-17
 301  -0.39652942E-01  -0.10573724E-16
 302  -0.34278767E-01  -0.20896303E-17
 303  -0.29290841E-01  -0.38707023E-17
 304  -0.24691159E-01  -0.19761279E-17
 305  -0.20481561E-01   0.43071096E-17
 306  -0.16663730E-01  -0.17016892E-17
 307  -0.13239193E-01  -0.13078189E-17
 308  -0.10209320E-01  -0.43029274E-18
 309  -0.75753221E-02   0.34719351E-17
 310  -0.53382537E-02  -0.21565459E-17
 311  -0.34990089E-02   0.11942635E-17
 312  -0.20583235E-02  -0.70806660E-18
 313  -0.10167734E-02   0.16627257E-17
 314  -0.37477536E-03   0.92644229E-20
 315  -0.13258595E-03  -0.43198680E-19
 316  -0.29030200E-03  -0.52849562E-18
 317  -0.84786036E-03  -0.13077130E-17
 318  -0.18050379E-02   0.33288395E-18
 319  -0.31614518E-02  -0.96477053E-18
 320  -0.49165595E-02  -0.34245542E-17
 321  -0.70696587E-02  -0.28131023E-17
 322  -0.96198885E-02  -0.53770710E-17
 323  -0.12566229E-01   0.68768487E-18
 324  -0.15907500E-01  -0.12772198E-17
 325  -0.19642368E-01   0.24512075E-17
 326  -0.23769336E-01  -0.64358622E-17
 327  -0.28286756E-01  -0.52633569E-17
 328  -0.33192819E-01   0.29037348E-17
 329  -0.38485564E-01  -0.13323934E-16
 330  -0.44162873E-01   0.24394549E-18
 331  -0.50222476E-01  -0.70864894E-17
 332  -0.56661948E-01   0.17008422E-17
 333  -0.63478715E-01  -0.85838319E-17
 334  -0.70670050E-01  -0.10965900E-16
 335  -0.78233076E-01  -0.58972551E-17
 336  -0.86164768E-01  -0.41629552E-17
 337  -0.94461954E-01   0.14867969E-16
 338  -0.10312132E+00   0.14073452E-16
 339  -0.11213939E+00   0.22344729E-17
 340  -0.12151256E+00   0.29569920E-17
 341  -0.13123710E+00   0.15629875E-17
 342  -0.14130909E+00  -0.67474645E-17
 343  -0.15172453E+00   0.36253010E-17
 344  -0.16247924E+00   0.83093932E-17
 345  -0.17356891E+00  -0.59766645E-17
 346  -0.18498912E+00   0.93163036E-17
 347  -0.19673530E+00   0.63787934E-17
 348  -0.20880274E+00  -0.12458161E-16
 349  -0.22118663E+00   0.11731406E-17
 350  -0.23388200E+00  -0.56871910E-17
 351  -0.24688379E+00  -0.17535700E-17
 352  -0.26018678E+00  -0.16979411E-16
 353  -0.27378566E+00   0.16206917E-16
 354  -0.28767499E+00   0.32864878E-18
 355  -0.30184922E+00   0.25927679E-17
 356  -0.31630267E+00  -0.20746166E-16
 357  -0.33102956E+00  -0.40691463E-17
 358  -0.34602401E+00  -0.52727801E-19
 359  -0.36128001E+00  -0.15246593E-18
 360  -0.37679147E+00  -0.13597843E-16
 361  -0.39255218E+00  -0.21637457E-17
 362  -0.40855583E+00   0.96328822E-17
 363  -0.42479602E+00  -0.38552705E-17
 364  -0.44126627E+00  -0.78990057E-17
 365  -0.45795997E+00  -0.12608509E-16
 366  -0.47487046E+00  -0.11638233E-16
 367  -0.49199097E+00  -0.76474370E-17
 368  -0.50931464E+00   0.59360069E-17
 369  -0.52683457E+00   0.90831578E-17
 370  -0.54454372E+00   0.65729757E-18
 371  -0.56243503E+00   0.94867690E-19
 372  -0.58050133E+00   0.36206423E-17
 373  -0.59873540E+00   0.54616684E-17
 374  -0.61712994E+00   0.34838465E-17
 375  -0.63567760E+00   0.76597189E-17
 376  -0.65437096E+00  -0.24826536E-17
 377  -0.67320254E+00  -0.42783634E-17
 378  -0.69216481E+00   0.29561450E-17
 379  -0.71125019E+00   0.77130820E-17
 380  -0.73045103E+00   0.39192214E-17
 381  -0.74975966E+00   0.73945976E-18
 382  -0.76916835E+00  -0.97578196E-18
 383  -0.78866934E+00  -0.34254012E-17
 384  -0.80825484E+00  -0.43706900E-17
 385  -0.82791700E+00   0.43639137E-17
 386  -0.84764796E+00   0.40284887E-17
 387  -0.86743983E+00   0.15619288E-17
 388  -0.88728468E+00   0.22378610E-17
 389  -0.90717459E+00  -0.47552430E-17
 390  -0.92710159E+00  -0.40064658E-17
 391  -0.94705771E+00  -0.15873397E-17
 392  -0.96703497E+00   0.42012834E-18
 393  -0.98702537E+00   0.16601846E-17
 394  -0.10070209E+01  -0.15382118E-17
 395  -0.10270136E+01   0.18092624E-17
 396  -0.10469955E+01  -0.17889336E-17
 397  -0.10669585E+01   0.83449686E-17
 398  -0.10868946E+01  -0.47738777E-17
 399  -0.11067960E+01   0.90124306E-18
 400  -0.11266546E+01  -0.71828394E-17
 401  -0.11464625E+01   0.50144350E-18
 402  -0.11662117E+01  -0.72980359E-17
 403  -0.11858944E+01  -0.70303735E-17
 404  -0.12055026E+01   0.59766645E-17
 405  -0.12250286E+01  -0.24055736E-18
 406  -0.12444645E+01  -0.16703490E-17
 407  -0.12638025E+01   0.69253414E-17
 408  -0.12830349E+01  -0.71625106E-17
 409  -0.13021541E+01  -0.65729757E-18
 410  -0.13211522E+01   0.26020852E-17
 411  -0.13400219E+01  -0.37472738E-17
 412  -0.13587554E+01  -0.13552527E-19
 413  -0.13773453E+01   0.86736174E-18
 414  -0.13957841E+01  -0.23716923E-17
 415  -0.14140646E+01  -0.60986372E-19
 416  -0.14321792E+01  -0.38489177E-17
 417  -0.14501209E+01  -0.46078592E-18
 418  -0.14678824E+01   0.33135929E-17
 419  -0.14854566E+01   0.96900569E-18
 420  -0.15028365E+01   0.19651164E-18
 421  -0.15200151E+01   0.33339217E-17
 422  -0.15369856E+01  -0.37269450E-17
 423  -0.15537411E+01  -0.70473141E-18
 424  -0.15702749E+01  -0.89446679E-18
 425  -0.15865804E+01   0.27105054E-19
 426  -0.16026511E+01  -0.20328791E-19
 427  -0.16184806E+01   0.35236571E-17
 428  -0.16340625E+01   0.47433845E-19
 429  -0.16493905E+01  -0.84025668E-18
 430  -0.16644586E+01   0.94867690E-19
 431  -0.16792607E+01  -0.60986372E-19
 432  -0.16937909E+01   0.49466724E-18
 433  -0.17080433E+01  -0.12874901E-18
 434  -0.17220123E+01  -0.33881318E-19
 435  -0.17356922E+01  -0.10164395E-18
 436  -0.17490776E+01  -0.43368087E-18
 437  -0.17621631E+01   0.48789098E-18
 438  -0.17749435E+01  -0.67762636E-20
 439  -0.17874136E+01  -0.33881318E-19
 440  -0.17995685E+01   0.37947076E-18
 441  -0.18114033E+01  -0.55565361E-18
 442  -0.18229132E+01  -0.74538899E-19
 443  -0.18340937E+01   0.94867690E-18
 444  -0.18449402E+01   0.84025668E-18
 445  -0.18554485E+01   0.86058547E-18
 446  -0.18656143E+01  -0.95545316E-18
 447  -0.18754335E+01  -0.98255822E-19
 448  -0.18849023E+01   0.13857459E-17
 449  -0.18940167E+01  -0.75216526E-18
 450  -0.19027733E+01  -0.11384123E-17
 451  -0.19111684E+01   0.90801932E-18
 452  -0.19191986E+01  -0.48111471E-18
 453  -0.19268609E+01  -0.66407383E-18
 454  -0.19341521E+01  -0.23208703E-18
 455  -0.19410693E+01   0.59292306E-19
 456  -0.19476098E+01  -0.22022857E-18
 457  -0.19537708E+01   0.89616086E-18
 458  -0.19595500E+01  -0.16432439E-18
 459  -0.19649450E+01  -0.79959910E-18
 460  -0.19699537E+01   0.87922020E-18
 461  -0.19745741E+01   0.28714417E-18
 462  -0.19788043E+01  -0.29137933E-18
 463  -0.19826427E+01  -0.37947076E-18
 464  -0.19860876E+01  -0.46417406E-18
 465  -0.19891378E+01  -0.44215120E-18
 466  -0.19917919E+01   0.19989978E-18
 467  -0.19940491E+01   0.48450285E-18
 468  -0.19959082E+01   0.10164395E-18
 469  -0.19973687E+01  -0.21684043E-18
 470  -0.19984299E+01   0.91479558E-19
 471  -0.19990915E+01  -0.20328791E-18
 472  -0.19993530E+01   0.11519648E-18
 473  -0.19992145E+01  -0.28460307E-18
 474  -0.19986761E+01  -0.54210109E-19
 475  -0.19977378E+01   0.48111471E-18
 476  -0.19964002E+01   0.67762636E-20
 477  -0.19946637E+01  -0.13552527E-19
 478  -0.19925291E+01   0.67762636E-20
 479  -0.19899972E+01  -0.29137933E-18
 480  -0.19870690E+01  -0.27105054E-19
 481  -0.19837458E+01  -0.74538899E-19
 482  -0.19800288E+01  -0.31170812E-18
 483  -0.19759195E+01  -0.16263033E-18
 484  -0.19714197E+01   0.74538899E-19
 485  -0.19665310E+01   0.11519648E-18
 486  -0.19612555E+01  -0.29137933E-18
 487  -0.19555954E+01   0.11519648E-18
 488  -0.19495527E+01  -0.48111471E-18
 489  -0.19431301E+01  -0.49466724E-18
 490  -0.19363300E+01   0.12197274E-18
 491  -0.19291552E+01  -0.11248598E-17
 492  -0.19216085E+01  -0.16940659E-18
 493  -0.19136931E+01   0.44723340E-18
 494  -0.19054120E+01   0.36591823E-18
 495  -0.18967686E+01  -0.41335208E-18
 496  -0.18877664E+01   0.50144350E-18
 497  -0.18784089E+01   0.12874901E-18
 498  -0.18686999E+01   0.60986372E-19
 499  -0.18586434E+01  -0.13552527E-19
 500  -0.18482432E+01   0.13552527E-19
 501  -0.18375037E+01   0.13552527E-19
 502  -0.18264290E+01   0.40657581E-19
 503  -0.18150237E+01   0.25749802E-18
 504  -0.18032923E+01  -0.24394549E-18
 505  -0.17912394E+01  -0.18295912E-18
 506  -0.17788700E+01   0.44723340E-18
 507  -0.17661890E+01  -0.10842022E-18
 508  -0.17532014E+01   0.15212712E-17
 509  -0.17399125E+01   0.96561756E-18
 510  -0.17263275E+01  -0.20328791E-18
 511  -0.17124520E+01  -0.71150768E-18
 512  -0.16982914E+01   0.19617283E-17
